Type,NIS,EstPx,EstPy,EstVx,EstVy,GtPx,GtPy,GtVx,GtVy
R,0.000000,0.201778,0.385989,-1.242571,-2.376961,0.359997,0.600041,-4.800250,0.001659
L,0.051627,0.218459,0.683470,-0.116709,3.570632,0.119984,0.600207,-4.800570,0.004976
R,0.690922,-0.181706,0.759662,-7.424289,2.401436,-0.120044,0.600581,-4.801000,0.009953
L,3.778565,-0.424708,0.730687,-4.500611,1.634487,-0.360093,0.601244,-4.801550,0.016589
R,6.303688,-0.658957,0.592860,-4.054969,1.185050,-0.600170,0.602281,-4.802210,0.024883
L,1.106373,-0.858884,0.636136,-4.035142,1.144153,-0.840279,0.603774,-4.802960,0.034837
R,2.261338,-1.114060,0.666691,-4.412208,0.966512,-1.080420,0.605806,-4.803800,0.046449
L,1.380193,-1.310788,0.696844,-4.323659,0.952698,-1.320610,0.608459,-4.804720,0.059721
R,2.052083,-1.529899,0.700118,-4.339077,0.722615,-1.560840,0.611818,-4.805700,0.074651
L,3.346699,-1.698641,0.719811,-4.205862,0.743794,-1.801120,0.615965,-4.806730,0.091238
R,2.911610,-1.948596,0.711202,-4.447931,0.535147,-2.041450,0.620982,-4.807780,0.109484
L,0.569510,-2.190402,0.744795,-4.490311,0.537834,-2.281820,0.626953,-4.808840,0.129387
R,10.364737,-2.476426,0.652071,-4.762770,0.008455,-2.522250,0.633960,-4.809890,0.150946
L,1.488838,-2.720315,0.679750,-4.761948,0.112505,-2.762730,0.642086,-4.810890,0.174159
R,5.688490,-2.981436,0.696131,-4.757765,0.123533,-3.003250,0.651414,-4.811840,0.199026
L,1.487983,-3.233481,0.731492,-4.776028,0.225110,-3.243810,0.662026,-4.812700,0.225545
R,0.972091,-3.479710,0.701679,-4.794510,0.067775,-3.484410,0.674004,-4.813440,0.253712
L,3.399152,-3.729258,0.646298,-4.828126,-0.149969,-3.725040,0.687432,-4.814030,0.283526
R,1.615855,-3.967654,0.683399,-4.891290,0.021669,-3.965700,0.702391,-4.814450,0.314984
L,3.859621,-4.250846,0.629263,-4.971633,-0.184699,-4.206360,0.718963,-4.814650,0.348081
R,0.211870,-4.492560,0.622736,-4.956894,-0.173499,-4.447030,0.737230,-4.814610,0.382812
L,2.435780,-4.734980,0.677901,-4.938999,0.041278,-4.687690,0.757274,-4.814280,0.419174
R,5.617724,-4.961054,0.744986,-4.967316,0.270358,-4.928320,0.779176,-4.813630,0.457160
L,0.290811,-5.222786,0.746180,-4.993186,0.227231,-5.168900,0.803017,-4.812630,0.496763
R,0.851782,-5.487851,0.726458,-5.107007,0.135716,-5.409430,0.828877,-4.811220,0.537976
L,4.416911,-5.709400,0.822987,-5.032939,0.424774,-5.649860,0.856837,-4.809370,0.580791
R,6.441985,-5.938989,0.913665,-4.775561,0.616407,-5.890200,0.886977,-4.807030,0.625197
L,3.361399,-6.130551,0.932344,-4.691271,0.589290,-6.130400,0.919375,-4.804150,0.671184
R,4.421791,-6.381898,0.974012,-4.967751,0.660424,-6.370440,0.954111,-4.800700,0.718741
L,1.003059,-6.652695,0.968008,-5.015335,0.538720,-6.610280,0.991262,-4.796620,0.767854
R,0.876691,-6.893005,0.994711,-5.010317,0.542168,-6.849910,1.030910,-4.791870,0.818509
L,1.404672,-7.133458,1.088284,-4.981338,0.740437,-7.089280,1.073120,-4.786380,0.870690
R,1.861211,-7.384485,1.076519,-4.925924,0.585568,-7.328350,1.117980,-4.780120,0.924380
L,0.223738,-7.618641,1.121631,-4.901081,0.633959,-7.567090,1.165560,-4.773040,0.979561
R,3.996133,-7.834976,1.157301,-4.839863,0.649669,-7.805450,1.215930,-4.765060,1.036210
L,0.213087,-8.064892,1.188182,-4.818045,0.647170,-8.043390,1.269180,-4.756150,1.094310
R,4.665790,-8.298125,1.296689,-4.855478,0.878117,-8.280850,1.325360,-4.746250,1.153830
L,0.224694,-8.530523,1.329566,-4.838199,0.848372,-8.517790,1.384550,-4.735300,1.214750
R,3.649790,-8.739467,1.360194,-4.493578,0.774599,-8.754160,1.446810,-4.723240,1.277040
L,0.995915,-8.960562,1.461422,-4.476955,0.951823,-8.989890,1.512230,-4.710020,1.340670
R,5.454626,-9.198795,1.486739,-4.731202,0.923575,-9.224930,1.580850,-4.695580,1.405610
L,0.711303,-9.457853,1.501306,-4.777855,0.831151,-9.459210,1.652760,-4.679870,1.471830
R,2.656795,-9.709551,1.498662,-4.906231,0.719665,-9.692680,1.728000,-4.662820,1.539290
L,5.469341,-9.984218,1.643638,-4.942170,1.018652,-9.925260,1.806650,-4.644370,1.607950
R,6.717571,-10.203829,1.772789,-4.788235,1.227854,-10.156900,1.888750,-4.624480,1.677760
L,2.272765,-10.400728,1.873285,-4.703889,1.343036,-10.387500,1.974380,-4.603070,1.748700
R,1.294751,-10.658927,1.965015,-4.879360,1.433600,-10.616900,2.063570,-4.580090,1.820710
L,0.237720,-10.895194,2.017395,-4.868826,1.381878,-10.845200,2.156390,-4.555490,1.893750
R,1.494794,-11.120451,2.110013,-4.815720,1.447577,-11.072200,2.252880,-4.529210,1.967760
L,4.271234,-11.304113,2.270757,-4.693602,1.699214,-11.297900,2.353090,-4.501180,2.042690
R,0.111827,-11.544687,2.353924,-4.713012,1.694873,-11.522100,2.457070,-4.471360,2.118490
L,0.967280,-11.778131,2.502883,-4.695397,1.869690,-11.744800,2.564860,-4.439680,2.195100
R,1.482505,-12.032491,2.624299,-4.826738,1.965191,-11.965800,2.676500,-4.406100,2.272460
L,0.369959,-12.275065,2.759566,-4.820755,2.064906,-12.185100,2.792020,-4.370550,2.350510
R,1.350675,-12.512819,2.834081,-4.729306,1.965184,-12.402600,2.911450,-4.333000,2.429180
L,1.359110,-12.721832,3.006844,-4.660925,2.170896,-12.618200,3.034830,-4.293380,2.508400
R,0.403470,-12.945321,3.129229,-4.613041,2.203845,-12.831700,3.162180,-4.251650,2.588100
L,1.828201,-13.138419,3.316172,-4.524555,2.416849,-13.043100,3.293530,-4.207760,2.668210
R,4.890962,-13.328440,3.418655,-4.391563,2.356364,-13.252200,3.428880,-4.161670,2.748650
L,1.598241,-13.509703,3.560481,-4.313872,2.428415,-13.459000,3.568270,-4.113330,2.829350
R,3.775265,-13.739233,3.720103,-4.352867,2.534603,-13.663300,3.711690,-4.062700,2.910220
L,0.526296,-13.943351,3.826805,-4.332863,2.484475,-13.865000,3.859150,-4.009740,2.991180
R,2.590610,-14.136074,3.982060,-4.187184,2.546535,-14.064000,4.010660,-3.954410,3.072140
L,0.505344,-14.323355,4.147372,-4.135539,2.651755,-14.260200,4.166220,-3.896690,3.153030
R,5.404056,-14.548342,4.298588,-4.117213,2.682695,-14.453500,4.325810,-3.836530,3.233730
L,1.315296,-14.727406,4.512962,-4.044264,2.899835,-14.643600,4.489430,-3.773920,3.314170
R,0.225293,-14.925141,4.661228,-3.988330,2.894552,-14.830600,4.657060,-3.708830,3.394250
L,2.948618,-15.069557,4.843206,-3.873404,3.005112,-15.014300,4.828690,-3.641230,3.473880
R,0.733786,-15.248809,4.978494,-3.790767,2.948830,-15.194500,5.004280,-3.571100,3.552940
L,1.287106,-15.427986,5.201689,-3.747926,3.148702,-15.371200,5.183800,-3.498440,3.631350
R,3.019071,-15.585629,5.378972,-3.525960,3.152239,-15.544100,5.367230,-3.423230,3.709010
L,0.483666,-15.786084,5.502041,-3.582921,3.056529,-15.713300,5.554520,-3.345460,3.785810
R,1.785123,-15.958714,5.633954,-3.585487,3.006366,-15.878500,5.745620,-3.265130,3.861640
L,2.337473,-16.083630,5.849334,-3.460825,3.188625,-16.039600,5.940480,-3.182230,3.936400
R,0.758759,-16.250711,5.996763,-3.354146,3.120877,-16.196501,6.139060,-3.096790,4.009990
L,2.984306,-16.374519,6.275580,-3.229651,3.448728,-16.349100,6.341280,-3.008790,4.082290
R,5.130150,-16.518743,6.399173,-3.110592,3.284868,-16.497200,6.547080,-2.918260,4.153200
L,0.867925,-16.670566,6.618087,-3.084710,3.425943,-16.640699,6.756390,-2.825220,4.222610
R,1.017756,-16.832620,6.808970,-3.125531,3.488062,-16.779499,6.969120,-2.729680,4.290420
L,7.773075,-17.024151,7.078886,-3.160303,3.721994,-16.913500,7.185210,-2.631670,4.356500
R,3.020419,-17.147594,7.273297,-2.905260,3.672980,-17.042500,7.404560,-2.531220,4.420770
L,3.174685,-17.233330,7.577146,-2.746139,3.995337,-17.166500,7.627070,-2.428380,4.483100
R,1.227257,-17.372766,7.759121,-2.779511,3.959467,-17.285200,7.852640,-2.323170,4.543390
L,1.505258,-17.493745,7.921134,-2.757764,3.874133,-17.398600,8.081180,-2.215650,4.601530
R,3.454599,-17.604112,8.136995,-2.587837,3.888569,-17.506599,8.312570,-2.105860,4.657420
L,1.606685,-17.738949,8.387954,-2.577020,4.029026,-17.609100,8.546690,-1.993860,4.710950
R,4.418031,-17.824943,8.556025,-2.314152,3.862865,-17.705900,8.783430,-1.879710,4.762020
L,3.624262,-17.876129,8.880024,-2.135689,4.210138,-17.797001,9.022670,-1.763480,4.810520
R,4.376248,-17.954733,9.098298,-1.875988,4.134047,-17.882200,9.264260,-1.645220,4.856370
L,6.543997,-17.943312,9.455719,-1.605874,4.541877,-17.961399,9.508070,-1.525020,4.899460
R,1.669844,-18.007739,9.694357,-1.485307,4.529368,-18.034599,9.753980,-1.402960,4.939700
L,0.221803,-18.089945,9.931924,-1.496639,4.554104,-18.101601,10.001800,-1.279110,4.976990
R,6.570496,-18.183991,10.117170,-1.479148,4.398065,-18.162399,10.251500,-1.153570,5.011250
L,3.505919,-18.176090,10.416530,-1.279274,4.619765,-18.216900,10.502700,-1.026420,5.042390
R,0.898098,-18.261628,10.651846,-1.425046,4.685630,-18.264999,10.755500,-0.897764,5.070320
L,1.146866,-18.329216,10.842365,-1.436649,4.580358,-18.306601,11.009500,-0.767697,5.094980
R,2.115485,-18.383230,11.051174,-1.223959,4.421647,-18.341700,11.264700,-0.636323,5.116270
L,8.800040,-18.344022,11.471417,-0.931167,4.938944,-18.370199,11.520900,-0.503751,5.134140
R,0.774199,-18.385679,11.710424,-0.834760,4.861689,-18.392000,11.778000,-0.370091,5.148520
L,0.046443,-18.417466,11.966222,-0.808468,4.895691,-18.407200,12.035600,-0.235457,5.159340
R,0.788721,-18.452355,12.205959,-0.822569,4.901475,-18.415600,12.293700,-0.099968,5.166540
L,0.561273,-18.489222,12.486842,-0.797333,4.988522,-18.417101,12.552000,0.036256,5.170070
R,3.021565,-18.501258,12.736094,-0.579250,4.884854,-18.411900,12.810500,0.173093,5.169890
L,0.843892,-18.501936,13.038907,-0.492987,5.033978,-18.399799,13.068800,0.310414,5.165940
R,6.126018,-18.500420,13.234677,-0.192849,4.707938,-18.380899,13.326900,0.448093,5.158200
L,2.937987,-18.424925,13.566804,0.031938,4.966467,-18.355000,13.584500,0.585998,5.146630
R,3.539575,-18.411530,13.830615,0.149315,4.941968,-18.322300,13.841400,0.723997,5.131200
L,0.610024,-18.364802,14.108983,0.247643,5.029257,-18.282600,14.097400,0.861956,5.111890
R,3.939463,-18.332881,14.348140,0.480750,4.847840,-18.236099,14.352400,0.999739,5.088680
L,1.025407,-18.285752,14.576690,0.523633,4.824073,-18.182699,14.606100,1.137210,5.061570
R,5.682054,-18.230614,14.801099,0.823299,4.589980,-18.122400,14.858400,1.274230,5.030550
L,1.617104,-18.123009,15.102079,1.001151,4.779097,-18.055300,15.109100,1.410670,4.995620
R,1.320734,-18.061272,15.356063,1.017000,4.833728,-17.981400,15.357800,1.546380,4.956790
L,0.376359,-17.982544,15.609700,1.083495,4.871253,-17.900700,15.604600,1.681220,4.914080
R,3.227036,-17.913089,15.824496,1.144034,4.773090,-17.813299,15.849100,1.815070,4.867500
L,0.742334,-17.820512,16.072124,1.226037,4.806405,-17.719200,16.091200,1.947770,4.817080
R,3.252654,-17.789868,16.307447,1.106101,4.829832,-17.618500,16.330700,2.079200,4.762860
L,5.960309,-17.617785,16.598972,1.388633,4.985385,-17.511299,16.567400,2.209230,4.704860
R,11.026397,-17.493830,16.773223,1.805667,4.505019,-17.397699,16.801100,2.337710,4.643140
L,0.296166,-17.375932,17.029963,1.882686,4.585484,-17.277599,17.031601,2.464520,4.577740
R,7.129682,-17.247643,17.208812,2.232786,4.176325,-17.151199,17.258801,2.589520,4.508710
L,2.531193,-17.076756,17.506973,2.409770,4.396068,-17.018700,17.482401,2.712590,4.436130
R,2.934561,-16.929775,17.689503,2.582830,4.180358,-16.879999,17.702299,2.833610,4.360050
L,0.132013,-16.795670,17.914448,2.601917,4.217155,-16.735399,17.918400,2.952450,4.280540
R,1.362209,-16.644241,18.105678,2.719866,4.092974,-16.584801,18.130301,3.069000,4.197690
L,4.030582,-16.483117,18.261985,2.753423,3.996535,-16.428499,18.338100,3.183130,4.111570
R,0.383096,-16.347049,18.449070,2.776871,3.928602,-16.266500,18.541500,3.294750,4.022280
L,0.656120,-16.158483,18.682083,2.908943,4.025570,-16.099100,18.740299,3.403740,3.929900
R,3.075662,-15.983108,18.855492,3.126245,3.778474,-15.926200,18.934401,3.509990,3.834520
L,1.966459,-15.764614,19.119152,3.306525,3.960988,-15.748100,19.123699,3.613420,3.736260
R,3.220947,-15.584883,19.277670,3.494785,3.656713,-15.564900,19.308001,3.713920,3.635210
L,0.822822,-15.394097,19.499253,3.551025,3.744702,-15.376700,19.487200,3.811400,3.531480
R,3.729463,-15.194334,19.644192,3.769164,3.411546,-15.183800,19.661200,3.905790,3.425180
L,1.297998,-14.955585,19.872772,3.915357,3.550962,-14.986200,19.829700,3.996990,3.316430
R,7.786056,-14.782093,20.010209,3.966774,3.281789,-14.784100,19.992800,4.084950,3.205350
L,1.144052,-14.653263,20.135145,3.783263,3.176936,-14.577700,20.150299,4.169580,3.092060
R,2.222485,-14.463142,20.263569,3.814927,3.048946,-14.367100,20.302000,4.250820,2.976680
L,1.341867,-14.195998,20.459954,4.017626,3.165450,-14.152600,20.448000,4.328620,2.859330
R,3.251927,-13.973219,20.573471,4.196496,2.853462,-13.934200,20.587999,4.402920,2.740150
L,0.356437,-13.781887,20.722173,4.154950,2.859979,-13.712300,20.722000,4.473670,2.619270
R,2.618665,-13.559161,20.825959,4.310527,2.563660,-13.486800,20.849899,4.540850,2.496810
L,0.484815,-13.298325,20.972695,4.428405,2.615863,-13.258200,20.971701,4.604400,2.372910
R,3.534142,-13.044152,21.081397,4.582076,2.440744,-13.026400,21.087200,4.664300,2.247700
L,0.850151,-12.765274,21.245844,4.722219,2.542023,-12.791700,21.196501,4.720530,2.121310
R,0.430294,-12.527772,21.355937,4.763904,2.425712,-12.554300,21.299400,4.773060,1.993880
L,0.483119,-12.241879,21.502503,4.891967,2.490448,-12.314300,21.395901,4.821900,1.865550
R,5.221047,-11.964976,21.578520,5.088012,2.143328,-12.072000,21.486000,4.867020,1.736440
L,2.428158,-11.796659,21.674055,4.870418,2.096223,-11.827600,21.569599,4.908440,1.606680
R,1.634092,-11.538200,21.749473,4.983294,1.867658,-11.581100,21.646700,4.946150,1.476430
L,3.412380,-11.269029,21.798372,5.014099,1.784934,-11.332900,21.717300,4.980170,1.345790
R,1.570887,-11.026116,21.863416,5.045710,1.606098,-11.083000,21.781300,5.010510,1.214910
L,3.068110,-10.819719,21.877523,4.903789,1.463927,-10.831700,21.838800,5.037190,1.083910
R,4.128077,-10.551894,21.914957,5.071875,1.126470,-10.579200,21.889799,5.060250,0.952912
L,0.537707,-10.270611,21.964413,5.138447,1.119999,-10.325600,21.934099,5.079710,0.822051
R,3.903655,-9.999303,21.971341,5.235864,0.840857,-10.071100,21.972000,5.095610,0.691445
L,0.080607,-9.753085,22.002260,5.192240,0.815500,-9.815920,22.003300,5.107990,0.561215
R,2.415106,-9.484285,22.001890,5.291660,0.512685,-9.560190,22.028200,5.116910,0.431476
L,1.891480,-9.277986,22.038270,5.148216,0.520216,-9.304100,22.046499,5.122400,0.302344
R,2.362605,-9.012792,22.022694,5.237377,0.222733,-9.047820,22.058399,5.124530,0.173930
L,0.396813,-8.710054,22.055815,5.349490,0.273835,-8.791510,22.063900,5.123360,0.046341
R,7.231977,-8.440430,22.031726,5.467045,-0.146458,-8.535340,22.063101,5.118950,-0.080317
L,0.459125,-8.136855,22.049024,5.553143,-0.093408,-8.279470,22.055901,5.111370,-0.205944
R,3.332741,-7.840387,22.041865,5.646844,-0.230065,-8.024050,22.042500,5.100680,-0.330441
L,1.613899,-7.626790,22.033991,5.471360,-0.235788,-7.769240,22.022900,5.086970,-0.453715
R,4.808668,-7.355854,21.977781,5.549335,-0.639391,-7.515190,21.997101,5.070310,-0.575677
L,1.195551,-7.148341,21.941908,5.367430,-0.658576,-7.262040,21.965300,5.050780,-0.696241
R,1.190761,-6.866446,21.890229,5.436595,-0.826507,-7.009940,21.927500,5.028470,-0.815324
L,3.644671,-6.735745,21.820734,5.062053,-0.901738,-6.759020,21.883801,5.003460,-0.932849
R,2.937436,-6.511942,21.776110,4.979657,-0.886701,-6.509420,21.834200,4.975840,-1.048740
L,2.199757,-6.365712,21.722577,4.710063,-0.919580,-6.261260,21.778900,4.945690,-1.162940
R,3.891465,-6.113303,21.653893,4.749358,-0.965880,-6.014660,21.717899,4.913120,-1.275370
L,0.313932,-5.865016,21.622771,4.782666,-0.932212,-5.769760,21.651300,4.878220,-1.385970
R,6.516259,-5.631104,21.536232,4.842672,-1.357682,-5.526650,21.579300,4.841070,-1.494690
L,1.048705,-5.325384,21.497672,5.016998,-1.294759,-5.285460,21.501801,4.801780,-1.601480
R,7.662772,-5.027886,21.419843,5.165984,-1.443233,-5.046280,21.419100,4.760450,-1.706280
L,1.534749,-4.805372,21.371578,5.078558,-1.403046,-4.809220,21.331200,4.717170,-1.809060
R,3.192505,-4.570586,21.284106,5.018698,-1.415159,-4.574360,21.238199,4.672040,-1.909780
L,8.092468,-4.255117,21.297457,5.209237,-1.254729,-4.341810,21.140100,4.625170,-2.008400
R,2.713784,-3.972945,21.218717,5.289682,-1.436591,-4.111650,21.037300,4.576640,-2.104890
L,6.447989,-3.881896,21.090257,4.818874,-1.551585,-3.883950,20.929600,4.526560,-2.199220
R,6.608310,-3.638471,20.946001,4.874374,-2.080334,-3.658790,20.817301,4.475040,-2.291370
L,3.563871,-3.392426,20.791998,4.869805,-2.171468,-3.436240,20.700399,4.422160,-2.381330
R,1.551835,-3.171361,20.673665,4.813587,-2.236320,-3.216370,20.579100,4.368030,-2.469070
L,0.224665,-2.901832,20.557612,4.889219,-2.242824,-2.999230,20.453400,4.312750,-2.554600
R,5.362898,-2.615760,20.440646,4.999412,-2.240224,-2.784890,20.323500,4.256400,-2.637890
L,2.562461,-2.472254,20.297068,4.710757,-2.299931,-2.573390,20.189501,4.199100,-2.718950
R,2.444687,-2.231668,20.149359,4.741151,-2.599238,-2.364780,20.051500,4.140930,-2.797770
L,5.044819,-2.059168,19.959053,4.559154,-2.709069,-2.159100,19.909700,4.082000,-2.874370
R,2.685936,-1.839966,19.781543,4.541608,-2.955015,-1.956380,19.764000,4.022380,-2.948740
L,0.366240,-1.630082,19.617834,4.493302,-2.983773,-1.756660,19.614700,3.962170,-3.020890
R,3.319772,-1.386251,19.430041,4.550793,-3.253796,-1.559970,19.461800,3.901470,-3.090850
L,1.323347,-1.236889,19.277694,4.343537,-3.233133,-1.366320,19.305500,3.840360,-3.158610
R,1.065641,-1.021148,19.090102,4.340006,-3.378625,-1.175740,19.145800,3.778920,-3.224210
L,2.135639,-0.915626,18.915081,4.041288,-3.385036,-0.988236,18.982901,3.717250,-3.287660
R,0.757942,-0.697370,18.751951,4.084492,-3.311203,-0.803824,18.816900,3.655420,-3.348990
L,2.476022,-0.556923,18.620630,3.917651,-3.246114,-0.622508,18.647900,3.593510,-3.408210
R,1.197370,-0.369536,18.429050,3.892317,-3.441800,-0.444288,18.476000,3.531610,-3.465360
L,2.389625,-0.292589,18.254531,3.576966,-3.438413,-0.269164,18.301300,3.469790,-3.520470
R,1.904281,-0.129008,18.059810,3.532141,-3.672669,-0.097130,18.123800,3.408130,-3.573570
L,0.260728,0.064226,17.888124,3.577714,-3.652341,0.071825,17.943800,3.346690,-3.624700
R,1.955287,0.266777,17.711058,3.645586,-3.534894,0.237714,17.761200,3.285560,-3.673880
L,0.117335,0.462816,17.541586,3.682971,-3.523039,0.400552,17.576200,3.224790,-3.721150
R,7.727647,0.694710,17.388530,3.814531,-3.477509,0.560361,17.389000,3.164450,-3.766560
L,3.344914,0.758421,17.201502,3.473313,-3.486201,0.717162,17.199400,3.104610,-3.810130
R,1.121761,0.919152,17.004462,3.426106,-3.688145,0.870984,17.007799,3.045330,-3.851920
L,1.741953,0.992299,16.832103,3.163120,-3.653098,1.021850,16.814100,2.986660,-3.891950
R,3.279147,1.151444,16.621433,3.144126,-3.959925,1.169810,16.618500,2.928670,-3.930280
L,1.838206,1.231519,16.406095,2.936884,-3.980170,1.314870,16.420900,2.871420,-3.966950
R,0.206676,1.376085,16.198215,2.923662,-4.066756,1.457100,16.221600,2.814940,-4.001990
L,2.297594,1.633306,15.976312,3.221654,-4.117604,1.596510,16.020599,2.759300,-4.035460
R,3.957966,1.747284,15.772884,3.092582,-4.111261,1.733170,15.817900,2.704540,-4.067390
L,5.959787,1.720985,15.582642,2.607335,-4.049402,1.867110,15.613700,2.650710,-4.097830
R,3.809197,1.881845,15.392611,2.686490,-4.057987,1.998380,15.408000,2.597860,-4.126820
L,0.067325,2.016364,15.182782,2.687218,-4.070619,2.127030,15.200900,2.546020,-4.154420
R,2.226587,2.152398,14.955732,2.660069,-4.320389,2.253110,14.992400,2.495240,-4.180650
L,0.894427,2.331899,14.714311,2.785906,-4.376415,2.376680,14.782700,2.445550,-4.205570
R,1.457496,2.449860,14.477842,2.719121,-4.457709,2.497790,14.571800,2.397000,-4.229220
L,2.345606,2.629242,14.285648,2.833115,-4.411891,2.616500,14.359700,2.349610,-4.251650
R,1.973451,2.783294,14.045123,2.834372,-4.610155,2.732870,14.146500,2.303430,-4.272880
L,0.360628,2.881628,13.822159,2.717912,-4.584536,2.846950,13.932200,2.258470,-4.292980
R,1.836847,2.997953,13.576698,2.661010,-4.633546,2.958820,13.717000,2.214780,-4.311970
L,3.080352,3.006104,13.376266,2.324959,-4.538769,3.068540,13.500900,2.172380,-4.329910
R,2.671947,3.093797,13.180313,2.269873,-4.370549,3.176170,13.283900,2.131290,-4.346820
L,1.197522,3.237915,12.982093,2.348958,-4.342153,3.281770,13.066100,2.091540,-4.362750
R,3.155200,3.375065,12.751602,2.427595,-4.289944,3.385420,12.847500,2.053160,-4.377740
L,7.363642,3.397598,12.625012,2.152880,-4.093796,3.487180,12.628200,2.016170,-4.391820
R,1.553331,3.523123,12.406029,2.171498,-4.232434,3.587130,12.408300,1.980580,-4.405030
L,0.105760,3.654165,12.187365,2.232197,-4.253220,3.685330,12.187600,1.946410,-4.417410
R,1.087746,3.736094,11.973854,2.143394,-4.272125,3.781860,11.966400,1.913700,-4.428980
L,0.325279,3.881824,11.751862,2.246713,-4.302131,3.876780,11.744600,1.882440,-4.439790
R,2.614584,3.966445,11.533587,2.113107,-4.461095,3.970180,11.522300,1.852660,-4.449860
L,2.185996,4.080455,11.266840,2.143449,-4.547891,4.062130,11.299600,1.824370,-4.459220
R,2.961270,4.217416,11.056173,2.232198,-4.494648,4.152700,11.076300,1.797580,-4.467900
L,3.147800,4.247494,10.895493,2.005526,-4.336161,4.241960,10.852700,1.772310,-4.475930
R,0.945389,4.320135,10.678317,1.893990,-4.414346,4.330000,10.628700,1.748580,-4.483330
L,0.049336,4.414140,10.464162,1.890686,-4.401257,4.416890,10.404300,1.726380,-4.490130
R,0.591202,4.525846,10.232790,1.921438,-4.468441,4.502710,10.179600,1.705730,-4.496360
L,0.594825,4.577402,10.017207,1.804169,-4.432171,4.587530,9.954610,1.686630,-4.502030
R,2.884988,4.672935,9.794893,1.763098,-4.545643,4.671430,9.729350,1.669110,-4.507150
L,1.051517,4.714775,9.608016,1.633336,-4.442416,4.754500,9.503850,1.653150,-4.511760
R,10.095380,4.755894,9.451446,1.531458,-4.248693,4.836810,9.278140,1.638780,-4.515870
L,3.970336,4.791177,9.202345,1.435819,-4.301238,4.918440,9.052230,1.625990,-4.519490
R,2.661189,4.888361,8.948394,1.484033,-4.444888,4.999460,8.826160,1.614790,-4.522640
L,1.056701,5.006742,8.683557,1.608966,-4.554781,5.079970,8.599940,1.605190,-4.525320
R,1.960366,5.135107,8.448231,1.806630,-4.482410,5.160030,8.373610,1.597180,-4.527550
L,1.451043,5.231692,8.184469,1.834447,-4.568199,5.239730,8.147170,1.590780,-4.529330
R,1.530993,5.356437,7.933548,1.952541,-4.596468,5.319160,7.920670,1.585980,-4.530680
L,0.636264,5.420477,7.705803,1.868949,-4.571771,5.398380,7.694100,1.582790,-4.531600
R,0.963556,5.544216,7.458039,1.960522,-4.619316,5.477480,7.467510,1.581200,-4.532090
L,3.112992,5.562982,7.243061,1.762787,-4.534213,5.556540,7.240910,1.581220,-4.532150
R,1.832427,5.668762,7.030572,1.929965,-4.363227,5.635640,7.014310,1.582850,-4.531780
L,0.246448,5.791031,6.797339,1.996758,-4.413690,5.714860,6.787750,1.586080,-4.530980
R,3.335350,5.823852,6.591054,1.690524,-4.483510,5.794280,6.561240,1.590930,-4.529750
L,1.421220,5.859202,6.378391,1.571174,-4.423986,5.873980,6.334810,1.597370,-4.528080
R,4.663814,5.933125,6.114970,1.545517,-4.548133,5.954050,6.108480,1.605420,-4.525970
L,0.175517,5.991088,5.905884,1.494462,-4.492329,6.034550,5.882260,1.615070,-4.523410
R,1.204747,6.034346,5.672444,1.296880,-4.603852,6.115580,5.656190,1.626310,-4.520380
L,0.271683,6.078759,5.468054,1.241715,-4.528326,6.197210,5.430280,1.639140,-4.516870
R,0.209431,6.156724,5.233485,1.316959,-4.529988,6.279510,5.204570,1.653560,-4.512880
L,0.399934,6.248962,4.978584,1.385290,-4.617454,6.362580,4.979060,1.669560,-4.508380
R,4.644599,6.299632,4.803442,1.303119,-4.481625,6.446480,4.753800,1.687140,-4.503370
L,4.934915,6.449383,4.473867,1.519341,-4.804504,6.531310,4.528810,1.706280,-4.497810
R,1.362331,6.550206,4.226172,1.715181,-4.756909,6.617120,4.304110,1.726980,-4.491700
L,1.228490,6.676320,3.937835,1.813602,-4.914924,6.704010,4.079740,1.749230,-4.485000
R,0.708018,6.794063,3.690172,1.981646,-4.882862,6.792050,3.855710,1.773020,-4.477700
L,4.068530,6.823265,3.529279,1.821935,-4.615171,6.881320,3.632070,1.798340,-4.469780
R,0.564877,6.899877,3.315964,1.793429,-4.556791,6.971880,3.408850,1.825180,-4.461200
L,5.289959,7.004090,3.182444,1.805751,-4.310016,7.063830,3.186070,1.853520,-4.451940
R,4.369939,7.101084,3.035087,1.948283,-4.073089,7.157230,2.963780,1.883360,-4.441970
L,0.080045,7.206819,2.818616,1.966573,-4.113276,7.252160,2.742000,1.914680,-4.431250
R,3.763084,7.307604,2.611735,1.837497,-4.161058,7.348680,2.520780,1.947460,-4.419770
L,0.241704,7.389639,2.392708,1.819786,-4.186023,7.446880,2.300160,1.981680,-4.407490
R,3.545362,7.468651,2.123968,1.704159,-4.372553,7.546830,2.080180,2.017330,-4.394360
L,0.610741,7.564533,1.858959,1.727636,-4.508128,7.648590,1.860870,2.054400,-4.380370
R,2.646095,7.695695,1.632917,2.003777,-4.496141,7.752240,1.642300,2.092840,-4.365460
L,5.616641,7.836185,1.275064,2.077415,-4.891524,7.857850,1.424490,2.132660,-4.349610
R,3.479397,7.952086,1.090032,2.158305,-4.719495,7.965470,1.207500,2.173820,-4.332770
L,3.675108,8.008979,0.859519,2.065571,-4.686282,8.075190,0.991377,2.216290,-4.314910
R,0.747186,8.122632,0.634254,2.193432,-4.658560,8.187060,0.776179,2.260050,-4.295980
L,1.243575,8.249513,0.454793,2.233090,-4.509630,8.301150,0.561955,2.305080,-4.275950
R,4.338444,8.383214,0.262503,2.258461,-4.418475,8.417520,0.348763,2.351340,-4.254780
L,1.854839,8.494811,0.126119,2.272235,-4.175408,8.536230,0.136661,2.398810,-4.232410
R,6.261132,8.676839,-0.086454,2.741221,-4.212500,8.657340,-0.074291,2.447440,-4.208810
L,1.580033,8.840521,-0.241484,2.800893,-4.058198,8.780910,-0.284030,2.497200,-4.183940
R,6.386546,8.993442,-0.362011,2.926046,-3.829032,8.906990,-0.492491,2.548070,-4.157750
L,0.104533,9.143590,-0.569925,2.929314,-3.876388,9.035640,-0.699608,2.599980,-4.130200
R,1.521517,9.287703,-0.805816,2.910286,-3.996156,9.166910,-0.905311,2.652920,-4.101240
L,5.587947,9.378047,-1.116057,2.783718,-4.303351,9.300840,-1.109530,2.706830,-4.070840
R,3.305235,9.531942,-1.385051,2.993445,-4.489486,9.437500,-1.312190,2.761680,-4.038930
L,1.040696,9.710287,-1.592908,3.050729,-4.443737,9.576920,-1.513220,2.817400,-4.005490
R,3.443089,9.840925,-1.754843,2.845906,-4.236401,9.719140,-1.712530,2.873960,-3.970470
L,3.172144,9.944720,-1.928477,2.787581,-4.131844,9.864210,-1.910050,2.931310,-3.933810
R,2.850365,10.111681,-2.148653,3.082388,-4.225958,10.012200,-2.105700,2.989380,-3.895490
L,0.209405,10.257809,-2.345691,3.072465,-4.187297,10.163000,-2.299390,3.048130,-3.855460
R,5.859059,10.370680,-2.502393,2.832296,-3.996649,10.316900,-2.491030,3.107500,-3.813680
L,0.869494,10.513619,-2.754687,2.816131,-4.139604,10.473700,-2.680540,3.167420,-3.770100
R,0.489520,10.646460,-2.941042,2.732003,-4.061018,10.633500,-2.867830,3.227850,-3.724680
L,1.347659,10.761907,-3.113025,2.703783,-3.979886,10.796300,-3.052790,3.288700,-3.677390
R,6.025635,10.953929,-3.314904,3.166773,-4.093982,10.962200,-3.235350,3.349920,-3.628190
L,0.366168,11.124302,-3.479332,3.204689,-3.983982,11.131100,-3.415400,3.411440,-3.577050
R,1.679005,11.300428,-3.662069,3.359496,-3.977144,11.303200,-3.592840,3.473190,-3.523920
L,0.596148,11.489084,-3.863273,3.397826,-3.979645,11.478300,-3.767580,3.535090,-3.468770
R,0.488790,11.664625,-4.070872,3.401213,-4.000165,11.656500,-3.939500,3.597070,-3.411580
L,0.149068,11.848184,-4.255109,3.432967,-3.955687,11.837800,-4.108520,3.659050,-3.352310
R,1.936160,12.046077,-4.456682,3.532441,-3.979384,12.022300,-4.274530,3.720950,-3.290940
L,1.297847,12.251821,-4.579434,3.617688,-3.772605,12.209800,-4.437410,3.782700,-3.227440
R,2.415558,12.455065,-4.752728,3.820702,-3.787396,12.400300,-4.597070,3.844210,-3.161780
L,2.777906,12.670295,-4.833687,3.908639,-3.498128,12.594000,-4.753390,3.905390,-3.093950
R,0.775259,12.864009,-4.993782,3.825369,-3.425270,12.790700,-4.906260,3.966160,-3.023930
L,0.140993,13.068536,-5.155009,3.854551,-3.395880,12.990400,-5.055580,4.026430,-2.951710
R,4.606971,13.231266,-5.319082,3.790738,-3.385327,13.193100,-5.201240,4.086100,-2.877260
L,0.722386,13.391667,-5.505686,3.728302,-3.437704,13.398800,-5.343120,4.145100,-2.800590
R,6.748259,13.635107,-5.660756,4.138552,-3.503071,13.607400,-5.481110,4.203320,-2.721680
L,1.604489,13.826759,-5.792579,4.125143,-3.395214,13.818900,-5.615100,4.260670,-2.640530
R,1.398815,14.060653,-5.954754,4.258771,-3.400669,14.033200,-5.744990,4.317060,-2.557150
L,1.099357,14.310249,-6.058856,4.354160,-3.220942,14.250400,-5.870650,4.372380,-2.471540
R,0.009765,14.526508,-6.218334,4.338354,-3.211406,14.470300,-5.991970,4.426550,-2.383690
L,2.697426,14.775852,-6.267902,4.441373,-2.917217,14.692800,-6.108850,4.479460,-2.293640
R,1.854919,14.991385,-6.403350,4.476479,-2.910945,14.918000,-6.221180,4.531010,-2.201380
L,8.857648,15.171187,-6.461882,4.421906,-2.700059,15.145700,-6.328840,4.581110,-2.106940
R,0.977693,15.403402,-6.589507,4.420917,-2.666701,15.375800,-6.431730,4.629660,-2.010350
L,0.609184,15.639973,-6.669629,4.469246,-2.525811,15.608400,-6.529730,4.676550,-1.911620
R,1.754097,15.881335,-6.798432,4.667820,-2.597363,15.843200,-6.622760,4.721690,-1.810790
L,0.555807,16.132721,-6.936239,4.699912,-2.612484,16.080299,-6.710690,4.764970,-1.707900
R,5.474969,16.315648,-7.041871,4.410596,-2.478719,16.319500,-6.793420,4.806300,-1.602980
L,0.335762,16.558121,-7.132163,4.464350,-2.386282,16.560699,-6.870870,4.845580,-1.496080
R,1.090242,16.768730,-7.255946,4.456021,-2.409432,16.803801,-6.942920,4.882710,-1.387250
L,1.809094,17.021541,-7.282537,4.545340,-2.160986,17.048700,-7.009490,4.917600,-1.276530
R,2.075296,17.232405,-7.366276,4.463023,-2.078203,17.295300,-7.070480,4.950150,-1.163980
L,6.478073,17.524330,-7.290156,4.654611,-1.598421,17.543400,-7.125800,4.980260,-1.049680
R,7.308303,17.805191,-7.337200,4.951965,-1.577325,17.792999,-7.175370,5.007850,-0.933668
L,2.214736,18.079532,-7.313719,5.035034,-1.307623,18.044001,-7.219090,5.032820,-0.816029
R,6.695360,18.304629,-7.330458,4.846713,-1.129198,18.296101,-7.256900,5.055090,-0.696834
L,0.400605,18.554789,-7.345246,4.873900,-1.020015,18.549200,-7.288720,5.074560,-0.576160
R,4.572912,18.835662,-7.391078,4.990627,-1.012280,18.803301,-7.314460,5.091160,-0.454089
L,1.650749,19.067281,-7.400090,4.968217,-0.910504,19.058100,-7.334080,5.104810,-0.330708
R,2.783470,19.288064,-7.466112,4.832459,-0.943253,19.313499,-7.347500,5.115430,-0.206107
L,8.964575,19.641011,-7.370094,5.083791,-0.543490,19.569401,-7.354660,5.122940,-0.080380
R,0.402344,19.907864,-7.392465,5.141609,-0.538873,19.825500,-7.355510,5.127280,0.046376
L,1.437725,20.207152,-7.346463,5.240832,-0.339175,20.081800,-7.350000,5.128360,0.174060
R,1.814371,20.470259,-7.380119,5.341286,-0.418420,20.338100,-7.338090,5.126150,0.302565
L,3.933987,20.679956,-7.408028,5.231024,-0.452304,20.594200,-7.319740,5.120560,0.431784
R,2.636447,20.909594,-7.408410,4.953707,-0.326386,20.849899,-7.294910,5.111550,0.561605
L,3.366936,21.187357,-7.292567,5.043363,0.022655,21.105101,-7.263580,5.099060,0.691914
R,0.373030,21.445781,-7.282806,5.063781,0.044948,21.359600,-7.225730,5.083060,0.822593
L,1.837378,21.658352,-7.374941,4.964951,-0.209833,21.613199,-7.181340,5.063490,0.953522
R,6.680750,21.872701,-7.357807,4.571292,-0.036275,21.865700,-7.130400,5.040320,1.084580
L,11.452659,22.208932,-7.136518,4.826791,0.568825,22.117001,-7.072910,5.013520,1.215640
R,4.537518,22.396217,-7.113913,4.445235,0.623382,22.366899,-7.008870,4.983070,1.346570
L,4.707482,22.597430,-6.986143,4.426690,0.868051,22.615101,-6.938290,4.948930,1.477260
R,3.397964,22.845435,-6.970428,4.664677,0.745343,22.861601,-6.861190,4.911100,1.607560
L,0.228208,23.068993,-6.968939,4.639310,0.650029,23.106001,-6.777590,4.869560,1.737340
R,3.921653,23.255739,-6.940484,4.407992,0.669556,23.348301,-6.687510,4.824310,1.866480
L,1.703440,23.506454,-6.809997,4.484029,0.929019,23.588301,-6.590990,4.775350,1.994840
R,1.622352,23.755568,-6.776202,4.612216,0.878871,23.825701,-6.488090,4.722690,2.122280
L,3.109110,23.987054,-6.621239,4.635101,1.167725,24.060400,-6.378830,4.666330,2.248670
R,1.941225,24.192199,-6.550154,4.387421,1.246802,24.292200,-6.263280,4.606300,2.373890
L,4.682784,24.469389,-6.335724,4.521981,1.656597,24.520901,-6.141510,4.542620,2.497790
R,0.677467,24.714424,-6.248569,4.666595,1.646412,24.746300,-6.013570,4.475320,2.620230
L,1.010753,24.960294,-6.090686,4.701960,1.846574,24.968300,-5.879560,4.404440,2.741100
R,2.532542,25.158543,-5.986246,4.398940,1.923788,25.186600,-5.739540,4.330010,2.860260
L,1.962657,25.414320,-5.792520,4.479247,2.186687,25.401100,-5.593600,4.252090,2.977570
R,4.208406,25.583875,-5.685634,4.144969,2.217141,25.611700,-5.441850,4.170730,3.092910
L,11.566602,25.770884,-5.374818,4.134120,2.737450,25.818100,-5.284390,4.085980,3.206160
R,0.571920,25.956684,-5.236986,3.985126,2.756446,26.020201,-5.121310,3.997910,3.317190
L,0.100706,26.155572,-5.121378,3.981976,2.697985,26.217800,-4.952740,3.906590,3.425880
R,6.979607,26.341227,-4.951583,3.792287,2.818309,26.410700,-4.778800,3.812090,3.532120
L,4.256358,26.563869,-4.652768,3.868675,3.239717,26.598900,-4.599600,3.714500,3.635780
R,0.198698,26.767410,-4.487520,3.928297,3.244048,26.782101,-4.415290,3.613900,3.736760
L,1.568363,26.927738,-4.353788,3.860266,3.163002,26.960199,-4.226000,3.510380,3.834940
R,1.087764,27.125039,-4.184133,3.937636,3.184962,27.133101,-4.031860,3.404030,3.930230
L,2.903854,27.368541,-3.944986,4.028084,3.403114,27.300600,-3.833040,3.294950,4.022520
R,10.077660,27.514617,-3.776728,3.455058,3.446834,27.462500,-3.629670,3.183250,4.111720
L,0.750577,27.709416,-3.557835,3.497681,3.573011,27.618799,-3.421930,3.069030,4.197740
R,4.510990,27.853435,-3.365730,3.167867,3.633927,27.769400,-3.209950,2.952420,4.280490
L,3.074223,27.991577,-3.080945,3.135565,3.903686,27.914000,-2.993930,2.833510,4.359890
R,1.240415,28.122051,-2.878785,2.946471,3.931374,28.052700,-2.774010,2.712430,4.435860
L,3.353338,28.235943,-2.602137,2.887993,4.139185,28.185301,-2.550390,2.589300,4.508330
R,3.635702,28.333018,-2.399399,2.494687,4.143537,28.311600,-2.323220,2.464250,4.577240
L,0.728466,28.480581,-2.187835,2.535965,4.157611,28.431700,-2.092700,2.337400,4.642520
R,0.140529,28.609254,-1.983276,2.526553,4.149544,28.545300,-1.859000,2.208880,4.704120
L,0.495720,28.751516,-1.739342,2.555134,4.247664,28.652599,-1.622310,2.078830,4.761990
R,3.452373,28.844752,-1.529537,2.423678,4.240275,28.753201,-1.382820,1.947370,4.816100
L,2.061458,28.970377,-1.204674,2.429614,4.539719,28.847300,-1.140710,1.814650,4.866390
R,5.800257,29.039575,-0.969988,2.165853,4.559601,28.934700,-0.896184,1.680800,4.912840
L,0.948735,29.127482,-0.699358,2.127524,4.671233,29.015400,-0.649428,1.545950,4.955430
R,6.799442,29.166023,-0.463962,1.619546,4.672260,29.089300,-0.400636,1.410240,4.994130
L,1.419249,29.221021,-0.284606,1.575603,4.526995,29.156401,-0.150004,1.273820,5.028930
R,7.520158,29.279916,-0.046046,1.257375,4.555410,29.216700,0.102274,1.136820,5.059820
L,1.428980,29.333172,0.271996,1.234294,4.794255,29.270100,0.356002,0.999371,5.086810
R,1.381043,29.369839,0.518328,1.076599,4.807567,29.316601,0.610984,0.861619,5.109890
L,1.175769,29.444536,0.695926,1.119341,4.641849,29.356300,0.867027,0.723698,5.129080
R,5.801065,29.457356,0.942491,0.753546,4.666840,29.389000,1.123930,0.585743,5.144390
L,2.010439,29.507224,1.276676,0.766268,4.934193,29.414900,1.381520,0.447888,5.155840
R,3.556648,29.536089,1.524666,0.560089,4.924856,29.433800,1.639570,0.310266,5.163470
L,0.892125,29.540733,1.809791,0.513573,5.027689,29.445900,1.897920,0.173006,5.167300
R,4.686621,29.526373,2.041054,0.123338,4.946651,29.451200,2.156370,0.036238,5.167380
L,3.362157,29.510215,2.427476,0.065130,5.314715,29.449600,2.414740,-0.099914,5.163740
R,1.810533,29.484204,2.678539,-0.187196,5.254333,29.441200,2.672830,-0.235325,5.156440
L,4.596277,29.512325,3.039149,-0.133898,5.511708,29.426001,2.930470,-0.369875,5.145520
R,3.553053,29.467044,3.314593,-0.309385,5.499469,29.404200,3.187470,-0.503448,5.131050
L,1.680896,29.477046,3.499420,-0.247749,5.260642,29.375700,3.443670,-0.635928,5.113090
R,2.944408,29.419636,3.755839,-0.531134,5.216468,29.340599,3.698890,-0.767205,5.091710
L,3.745469,29.375666,3.898571,-0.541458,4.906495,29.299000,3.952950,-0.897172,5.066980
R,1.883086,29.350374,4.142265,-0.636852,4.886504,29.250900,4.205700,-1.025730,5.038970
L,3.034192,29.276553,4.360570,-0.708489,4.820750,29.196400,4.456970,-1.152770,5.007760
R,2.823999,29.196468,4.593323,-1.000968,4.765553,29.135599,4.706600,-1.278200,4.973440
L,1.917280,29.110406,4.915257,-1.083203,4.988075,29.068600,4.954440,-1.401940,4.936090
R,1.090096,29.035154,5.161755,-1.175546,4.971802,28.995399,5.200340,-1.523890,4.895800
L,2.029861,29.017682,5.386174,-1.094688,4.904725,28.916201,5.444160,-1.643970,4.852670
R,10.679308,28.901339,5.646519,-1.509132,4.889254,28.830999,5.685750,-1.762100,4.806780
L,0.204371,28.813586,5.919324,-1.538188,4.964676,28.739901,5.924980,-1.878220,4.758230
R,6.803425,28.676979,6.168415,-1.925308,4.910493,28.643101,6.161730,-1.992250,4.707130
L,0.139010,28.578995,6.391396,-1.922959,4.851875,28.540701,6.395850,-2.104120,4.653580
R,11.565120,28.499168,6.644354,-2.052251,4.837928,28.432699,6.627240,-2.213790,4.597670
L,1.034818,28.419974,6.810871,-1.989369,4.638652,28.319201,6.855780,-2.321190,4.539520
R,2.492589,28.293317,7.022598,-2.133646,4.563189,28.200500,7.081350,-2.426280,4.479220
L,3.406050,28.154224,7.391779,-2.231704,4.934108,28.076500,7.303860,-2.529000,4.416890
R,3.017916,28.004644,7.634338,-2.529812,4.863231,27.947500,7.523210,-2.629330,4.352630
L,0.340240,27.890169,7.833239,-2.494649,4.746817,27.813499,7.739290,-2.727220,4.286560
R,2.839793,27.722270,8.056707,-2.777203,4.654880,27.674700,7.952030,-2.822650,4.218770
L,0.791141,27.566444,8.266924,-2.802241,4.599673,27.531200,8.161340,-2.915580,4.149380
R,7.403205,27.381851,8.452439,-3.223488,4.376930,27.383101,8.367140,-3.005990,4.078490
L,1.236238,27.250321,8.589443,-3.142043,4.161082,27.230499,8.569360,-3.093880,4.006220
R,2.813487,27.069773,8.800099,-3.372212,4.109584,27.073601,8.767940,-3.179220,3.932670
L,5.670943,26.817602,9.140352,-3.573129,4.471355,26.912500,8.962800,-3.262000,3.857940
R,4.079496,26.616851,9.344500,-3.622815,4.420403,26.747299,9.153900,-3.342230,3.782160
L,3.942152,26.451875,9.434571,-3.547634,4.082818,26.578100,9.341190,-3.419900,3.705410
R,0.565382,26.282856,9.646816,-3.524264,4.105811,26.405199,9.524610,-3.495020,3.627810
L,0.117202,26.111099,9.864048,-3.519903,4.135260,26.228500,9.704140,-3.567590,3.549450
R,1.851924,25.919249,10.080205,-3.548122,4.165590,26.048300,9.879730,-3.637630,3.470450
L,4.190696,25.799074,10.138525,-3.384335,3.772441,25.864599,10.051400,-3.705150,3.390890
R,5.233221,25.589022,10.306706,-3.784325,3.592178,25.677601,10.219000,-3.770160,3.310870
L,3.914365,25.439880,10.344985,-3.655633,3.225244,25.487499,10.382600,-3.832700,3.230500
R,4.472739,25.228224,10.523143,-3.813038,3.234999,25.294201,10.542200,-3.892780,3.149870
L,0.732959,25.010115,10.693651,-3.869249,3.263666,25.098000,10.697800,-3.950440,3.069060
R,1.829978,24.797002,10.852488,-3.918142,3.252129,24.899000,10.849300,-4.005710,2.988170
L,0.464416,24.613085,10.968521,-3.877275,3.131990,24.697300,10.996700,-4.058610,2.907290
R,7.341288,24.401196,11.140187,-4.108354,3.085870,24.493000,11.140200,-4.109190,2.826500
L,0.463107,24.215659,11.293802,-4.069280,3.079032,24.286200,11.279500,-4.157490,2.745890
R,4.481364,23.996020,11.411082,-4.308980,2.880823,24.077101,11.414900,-4.203540,2.665530
L,3.310919,23.812898,11.434188,-4.197412,2.570648,23.865700,11.546200,-4.247390,2.585510
R,0.106535,23.604543,11.559259,-4.210426,2.552661,23.652201,11.673600,-4.289090,2.505890
L,0.202350,23.376267,11.716646,-4.257346,2.631566,23.436600,11.797000,-4.328680,2.426760
R,0.945739,23.142812,11.845312,-4.401690,2.575209,23.219101,11.916400,-4.366220,2.348180
L,0.309368,22.898825,11.998955,-4.459290,2.643618,22.999800,12.031900,-4.401740,2.270220
R,0.772145,22.673726,12.134536,-4.521206,2.621720,22.778799,12.143600,-4.435320,2.192950
L,0.401017,22.463656,12.222639,-4.471164,2.511235,22.556101,12.251300,-4.466990,2.116420
R,0.685830,22.250861,12.344697,-4.384270,2.535556,22.331900,12.355300,-4.496810,2.040710
L,2.527407,21.987406,12.465097,-4.470491,2.533311,22.106199,12.455500,-4.524840,1.965860
R,3.434811,21.748821,12.576220,-4.700293,2.376466,21.879200,12.552000,-4.551140,1.891940
L,0.926736,21.532965,12.634568,-4.635044,2.223213,21.650900,12.644800,-4.575750,1.818990
R,1.022506,21.307453,12.730968,-4.619288,2.182464,21.421499,12.734000,-4.598750,1.747060
L,4.710636,21.086845,12.923716,-4.635300,2.382069,21.190901,12.819700,-4.620180,1.676200
R,3.934420,20.824609,13.030313,-4.923733,2.212091,20.959299,12.901800,-4.640100,1.606470
L,3.215045,20.663691,13.043037,-4.704526,1.948665,20.726700,12.980400,-4.658580,1.537890
R,8.177898,20.410973,13.087697,-5.012282,1.629704,20.493200,13.055700,-4.675670,1.470510
L,0.409196,20.172726,13.180998,-4.992201,1.654048,20.258900,13.127600,-4.691420,1.404370
R,3.310542,19.910400,13.277925,-4.937897,1.753095,20.023899,13.196200,-4.705910,1.339500
L,3.749708,19.751168,13.242979,-4.699726,1.430766,19.788200,13.261600,-4.719180,1.275940
R,3.447232,19.498613,13.337477,-4.781271,1.468888,19.551800,13.323900,-4.731290,1.213720
L,2.473670,19.192659,13.445203,-4.936171,1.573141,19.314899,13.383100,-4.742300,1.152870
R,2.529096,18.940131,13.489726,-5.019848,1.428269,19.077400,13.439200,-4.752260,1.093410
L,1.687969,18.739465,13.477192,-4.874684,1.212366,18.839500,13.492500,-4.761240,1.035380
R,1.786296,18.466795,13.529886,-5.019904,1.138110,18.601101,13.542900,-4.769280,0.978790
L,4.367157,18.264835,13.613203,-4.929116,1.183455,18.362400,1