Type,NIS,EstPx,EstPy,EstVx,EstVy,GtPx,GtPy,GtVx,GtVy
L,0.000000,0.312243,0.580340,0.000000,0.000000,0.600000,0.600000,5.199937,0.000000
R,0.069211,0.779913,0.722413,6.652590,1.976743,0.859997,0.600045,5.199747,0.001797
L,0.757419,1.195447,0.535063,10.316703,-0.010518,1.119984,0.600225,5.199429,0.005390
R,12.863527,1.032115,0.563929,4.613210,2.600598,1.379955,0.600629,5.198979,0.010778
L,5.274029,1.358774,0.703667,4.975001,2.206331,1.639904,0.601347,5.198392,0.017960
R,11.888694,1.719657,0.648446,5.396163,1.080951,1.899823,0.602470,5.197661,0.026932
L,1.486260,2.034622,0.698956,5.516821,0.946256,2.159704,0.604086,5.196776,0.037693
R,3.619870,2.276651,0.698632,5.299014,0.729449,2.419540,0.606284,5.195728,0.050239
L,0.631743,2.565956,0.724785,5.352377,0.647881,2.679323,0.609155,5.194504,0.064565
R,1.446262,2.848101,0.709108,5.336717,0.419564,2.939043,0.612786,5.193090,0.080668
L,0.713174,3.096454,0.716524,5.306737,0.385493,3.198690,0.617267,5.191470,0.098541
R,4.960628,3.392293,0.644275,5.333757,0.007838,3.458253,0.622685,5.189627,0.118180
L,5.888207,3.707161,0.578325,5.430764,-0.265840,3.717722,0.629130,5.187542,0.139576
R,1.074763,3.988958,0.594126,5.478483,-0.161551,3.977082,0.636689,5.185194,0.162724
L,0.080718,4.271094,0.583745,5.492820,-0.172863,4.236322,0.645449,5.182560,0.187614
R,1.046680,4.528196,0.601625,5.340285,-0.092135,4.495424,0.655498,5.179618,0.214238
L,10.198346,4.715912,0.675072,5.197025,0.191231,4.754374,0.666921,5.176340,0.242587
R,1.423560,4.967977,0.671294,5.045386,0.130769,5.013155,0.679804,5.172700,0.272649
L,3.322212,5.270455,0.666184,5.135213,0.082032,5.271746,0.694234,5.168671,0.304413
R,1.646896,5.532043,0.671540,5.271333,0.099446,5.530128,0.710295,5.164221,0.337868
L,1.943939,5.832544,0.682266,5.336444,0.110531,5.788279,0.728072,5.159319,0.372999
R,3.676963,6.072319,0.624862,5.130259,-0.097992,6.046176,0.747647,5.153933,0.409793
L,3.421946,6.326492,0.715380,5.115911,0.194783,6.303794,0.769103,5.148029,0.448233
R,0.319711,6.576814,0.744203,5.064762,0.249697,6.561105,0.792523,5.141571,0.488305
L,0.144291,6.822844,0.744436,5.053090,0.214011,6.818081,0.817988,5.134523,0.529990
R,1.815007,7.064148,0.730171,4.878196,0.124610,7.074691,0.845578,5.126847,0.573269
L,2.517413,7.276812,0.808519,4.814235,0.342227,7.330903,0.875373,5.118505,0.618123
R,5.330282,7.577153,0.822484,5.159033,0.350038,7.586684,0.907449,5.109456,0.664531
L,0.477313,7.832247,0.801356,5.158127,0.237829,7.841995,0.941886,5.099659,0.712469
R,2.209393,8.080088,0.818376,4.977647,0.238273,8.096800,0.978759,5.089074,0.761915
L,0.245913,8.315599,0.834994,4.952972,0.253549,8.351056,1.018142,5.077658,0.812843
R,6.570083,8.589655,0.925180,5.235068,0.498549,8.604722,1.060109,5.065366,0.865226
L,0.680883,8.832565,0.985378,5.197650,0.601561,8.857753,1.104732,5.052156,0.919037
R,6.785577,9.124984,1.023819,5.244698,0.620209,9.110101,1.152082,5.037982,0.974245
L,0.644721,9.365889,1.055349,5.205928,0.624352,9.361717,1.202229,5.022799,1.030819
R,4.341618,9.647229,1.129285,5.255815,0.745225,9.612549,1.255239,5.006562,1.088727
L,3.031694,9.926896,1.262027,5.275396,1.011150,9.862544,1.311179,4.989224,1.147935
R,4.945892,10.172259,1.344137,5.017711,1.073329,10.111650,1.370112,4.970739,1.208405
L,1.209352,10.393212,1.423702,4.959650,1.149507,10.359790,1.432101,4.951060,1.270101
R,2.871995,10.623190,1.494026,4.725691,1.159213,10.606930,1.497206,4.930142,1.332982
L,0.920526,10.840976,1.519546,4.696872,1.072230,10.852990,1.565486,4.907936,1.397008
R,2.343575,11.112383,1.561979,4.889046,1.053815,11.097900,1.636997,4.884396,1.462135
L,1.965063,11.394828,1.608129,4.959392,1.030387,11.341610,1.711793,4.859477,1.528318
R,0.574925,11.626277,1.649209,4.863165,0.993818,11.584030,1.789925,4.833131,1.595511
L,0.355832,11.853042,1.718838,4.830319,1.050683,11.825110,1.871443,4.805313,1.663664
R,1.661329,12.113728,1.802577,4.990727,1.154040,12.064750,1.956393,4.775977,1.732729
L,0.234965,12.358898,1.833175,4.986753,1.080662,12.302890,2.044820,4.745079,1.802651
R,0.438605,12.618533,1.881897,5.093645,1.077941,12.539440,2.136766,4.712575,1.873377
L,4.330167,12.818971,2.033807,4.980227,1.351710,12.774330,2.232269,4.678422,1.944850
R,2.738781,13.089912,2.140951,5.129047,1.476468,13.007470,2.331365,4.642576,2.017013
L,3.362816,13.296764,2.295442,5.025481,1.701858,13.238780,2.434087,4.604997,2.089806
R,11.937530,13.471703,2.421452,4.611509,1.776901,13.468160,2.540465,4.565645,2.163167
L,1.075200,13.720464,2.548372,4.638028,1.876727,13.695520,2.650527,4.524480,2.237032
R,0.227932,13.941607,2.646696,4.581134,1.883589,13.920790,2.764295,4.481466,2.311336
L,1.209516,14.169396,2.814935,4.564298,2.082466,14.143850,2.881790,4.436565,2.386012
R,0.880490,14.422992,2.921585,4.738858,2.112073,14.364620,3.003029,4.389744,2.460991
L,1.940312,14.631431,2.990589,4.693961,2.019263,14.583000,3.128024,4.340970,2.536202
R,3.735247,14.865514,3.139166,4.738378,2.160365,14.798900,3.256787,4.290211,2.611572
L,1.999061,15.077622,3.348547,4.671195,2.434893,15.012200,3.389323,4.237439,2.687028
R,3.434562,15.290268,3.495301,4.461559,2.466925,15.222810,3.525634,4.182627,2.762494
L,1.241979,15.504857,3.697653,4.427865,2.678162,15.430630,3.665719,4.125748,2.837893
R,0.890927,15.718871,3.809155,4.365490,2.605606,15.635550,3.809572,4.066782,2.913146
L,0.175871,15.940937,3.960516,4.367390,2.660552,15.837470,3.957185,4.005707,2.988174
R,1.879020,16.141274,4.090013,4.152968,2.606782,16.036280,4.108544,3.942506,3.062895
L,1.389864,16.333448,4.305954,4.102655,2.835376,16.231880,4.263631,3.877162,3.137226
R,0.521583,16.549035,4.449704,4.127948,2.840157,16.424150,4.422425,3.809664,3.211085
L,0.961029,16.723876,4.631275,4.058586,2.950542,16.612989,4.584899,3.740002,3.284385
R,4.130681,16.885153,4.775333,3.684252,2.863046,16.798290,4.751025,3.668167,3.357042
L,2.456739,17.038279,5.032838,3.594919,3.168844,16.979950,4.920767,3.594156,3.428969
R,1.120892,17.216578,5.167619,3.554284,3.092403,17.157850,5.094087,3.517967,3.500079
L,0.688725,17.368048,5.371355,3.490739,3.226178,17.331881,5.270941,3.439602,3.570283
R,2.398380,17.534187,5.498185,3.400018,3.109242,17.501930,5.451283,3.359066,3.639494
L,0.248115,17.720955,5.637392,3.436542,3.063183,17.667910,5.635059,3.276367,3.707622
R,1.096094,17.876338,5.793023,3.274101,3.029996,17.829691,5.822214,3.191515,3.774579
L,1.807152,18.040177,6.022351,3.251121,3.231622,17.987169,6.012686,3.104526,3.840274
R,1.225795,18.199325,6.203798,3.221775,3.278752,18.140249,6.206410,3.015416,3.904620
L,2.887991,18.312335,6.487115,3.093750,3.598562,18.288811,6.403317,2.924208,3.967526
R,0.789509,18.452721,6.672176,2.971008,3.580496,18.432770,6.603332,2.830926,4.028904
L,0.394641,18.597013,6.822052,2.972316,3.506702,18.572001,6.806376,2.735598,4.088665
R,0.383504,18.754075,7.008101,3.018699,3.545338,18.706409,7.012367,2.638255,4.146722
L,2.053236,18.950771,7.165951,3.112863,3.483821,18.835911,7.221216,2.538932,4.202987
R,4.823521,19.051686,7.324311,2.788076,3.368755,18.960381,7.432831,2.437668,4.257374
L,4.634403,19.126658,7.644759,2.613531,3.774013,19.079750,7.647117,2.334504,4.309797
R,0.088429,19.255963,7.827169,2.593336,3.749807,19.193899,7.863973,2.229486,4.360172
L,2.452660,19.326629,8.077210,2.457463,3.924786,19.302759,8.083295,2.122663,4.408416
R,1.985790,19.431293,8.267824,2.423195,3.915334,19.406219,8.304973,2.014087,4.454448
L,2.441995,19.525209,8.424810,2.384191,3.824979,19.504219,8.528895,1.903813,4.498188
R,0.812978,19.628309,8.599187,2.241604,3.733470,19.596649,8.754945,1.791900,4.539558
L,2.996163,19.783973,8.800184,2.321410,3.757052,19.683451,8.983001,1.678411,4.578481
R,1.857148,19.870273,8.988809,2.109952,3.697084,19.764530,9.212939,1.563411,4.614883
L,3.918687,19.986701,9.259454,2.099640,3.909582,19.839821,9.444632,1.446969,4.648694
R,3.262716,20.046831,9.443539,1.812688,3.796098,19.909250,9.677948,1.329157,4.679842
L,2.231749,20.115955,9.729423,1.734065,4.042993,19.972759,9.912751,1.210049,4.708261
R,7.943049,20.178789,9.973658,1.682028,4.163294,20.030279,10.148900,1.089723,4.733887
L,2.462230,20.215343,10.292279,1.544936,4.452757,20.081751,10.386270,0.968259,4.756658
R,4.434428,20.242252,10.497524,1.238806,4.311520,20.127110,10.624690,0.845742,4.776515
L,2.894305,20.289174,10.810539,1.169473,4.556942,20.166330,10.864040,0.722256,4.793403
R,5.466299,20.316736,11.062903,1.036197,4.594594,20.199341,11.104140,0.597892,4.807270
L,0.158892,20.351654,11.317134,0.992013,4.660176,20.226120,11.344870,0.472738,4.818065
R,13.404765,20.315707,11.524000,0.482818,4.421455,20.246611,11.586050,0.346889,4.825745
L,4.239388,20.379898,11.784035,0.547429,4.503232,20.260799,11.827540,0.220439,4.830266
R,2.267613,20.402005,12.013722,0.624311,4.571005,20.268650,12.069170,0.093487,4.831590
L,2.042344,20.382335,12.339535,0.478591,4.824054,20.270140,12.310780,-0.033869,4.829682
R,6.519181,20.349785,12.538722,0.070229,4.542240,20.265249,12.552220,-0.161529,4.824512
L,1.368053,20.372722,12.792439,0.098381,4.599763,20.253981,12.793310,-0.289390,4.816052
R,2.570232,20.373819,12.991705,-0.023609,4.441446,20.236300,13.033890,-0.417348,4.804279
L,1.223290,20.336083,13.218547,-0.101235,4.465441,20.212231,13.273790,-0.545298,4.789175
R,1.715201,20.304895,13.431125,-0.222161,4.400311,20.181761,13.512860,-0.673135,4.770724
L,1.807743,20.274426,13.725540,-0.295944,4.584656,20.144899,13.750910,-0.800753,4.748916
R,2.565946,20.233585,13.920238,-0.522724,4.376835,20.101669,13.987790,-0.928043,4.723745
L,1.257914,20.164357,14.212635,-0.646470,4.566441,20.052080,14.223320,-1.054898,4.695207
R,2.502432,20.099544,14.419544,-0.825028,4.438283,19.996170,14.457340,-1.181210,4.663306
L,2.732814,19.975271,14.715135,-1.034067,4.641236,19.933950,14.689680,-1.306871,4.628048
R,3.177440,19.912055,14.913058,-1.110733,4.511188,19.865471,14.920160,-1.431773,4.589443
L,1.149162,19.889798,15.140427,-1.040881,4.503543,19.790760,15.148630,-1.555808,4.547507
R,12.468613,19.786891,15.307073,-1.561581,4.032726,19.709881,15.374920,-1.678869,4.502259
L,1.543203,19.755384,15.498752,-1.457350,3.992837,19.622869,15.598860,-1.800848,4.453722
R,1.232216,19.676916,15.675286,-1.518089,3.891389,19.529800,15.820280,-1.921641,4.401925
L,0.943906,19.551917,15.927565,-1.650898,4.042779,19.430710,16.039040,-2.041143,4.346899
R,1.142143,19.454104,16.118935,-1.702546,4.003195,19.325689,16.254950,-2.159249,4.288681
L,0.697229,19.340300,16.320439,-1.765128,4.016696,19.214800,16.467880,-2.275858,4.227312
R,1.850140,19.234208,16.492535,-1.949294,3.815892,19.098120,16.677660,-2.390870,4.162835
L,1.116681,19.082529,16.745593,-2.097202,3.977990,18.975731,16.884130,-2.504184,4.095300
R,10.643368,18.941142,16.914633,-2.493921,3.618294,18.847719,17.087151,-2.615706,4.024759
L,3.297357,18.727298,17.204084,-2.741997,3.897030,18.714180,17.286560,-2.725339,3.951269
R,1.344098,18.607035,17.409056,-2.596700,4.022983,18.575220,17.482229,-2.832993,3.874888
L,4.858830,18.380706,17.638923,-2.824488,4.122623,18.430920,17.674000,-2.938575,3.795682
R,0.817773,18.230593,17.825733,-2.883674,4.032791,18.281401,17.861740,-3.042000,3.713717
L,0.518890,18.118737,18.017815,-2.806671,3.999806,18.126770,18.045309,-3.143182,3.629063
R,6.704020,17.949495,18.154570,-3.094144,3.602831,17.967140,18.224581,-3.242040,3.541796
L,0.664902,17.839457,18.289510,-2.971403,3.486786,17.802629,18.399429,-3.338496,3.451991
R,6.301812,17.712981,18.452529,-3.003397,3.357984,17.633360,18.569719,-3.432473,3.359728
L,1.068192,17.500941,18.664720,-3.164910,3.477853,17.459459,18.735331,-3.523900,3.265092
R,4.143121,17.327772,18.788438,-3.341994,3.183422,17.281050,18.896160,-3.612708,3.168166
L,0.119403,17.172613,18.929278,-3.305861,3.139068,17.098270,19.052080,-3.698831,3.069040
R,3.157273,17.003273,19.090904,-3.400744,3.054534,16.911261,19.202990,-3.782209,2.967804
L,3.832946,16.778431,19.223981,-3.516513,3.031434,16.720150,19.348780,-3.862783,2.864551
R,4.695420,16.583852,19.371596,-3.696825,2.862648,16.525089,19.489370,-3.940499,2.759375
L,1.010287,16.336721,19.560995,-3.862795,2.984507,16.326220,19.624649,-4.015308,2.652373
R,13.120645,16.118094,19.630880,-4.046625,2.615242,16.123680,19.754530,-4.087163,2.543645
L,0.402555,15.905582,19.788386,-4.083213,2.675921,15.917630,19.878941,-4.156022,2.433288
R,1.730290,15.709643,19.905061,-4.051793,2.640736,15.708220,19.997789,-4.221847,2.321406
L,0.769261,15.466855,20.082428,-4.167656,2.750651,15.495590,20.111010,-4.284605,2.208100
R,6.122281,15.235593,20.227143,-4.328411,2.632990,15.279910,20.218531,-4.344266,2.093474
L,1.371697,15.067963,20.357372,-4.212644,2.613510,15.061320,20.320290,-4.400804,1.977632
R,4.946568,14.831895,20.434023,-4.394114,2.298486,14.839990,20.416229,-4.454198,1.860679
L,0.242501,14.622890,20.557212,-4.372608,2.312175,14.616070,20.506300,-4.504432,1.742721
R,3.462417,14.375853,20.643146,-4.575771,2.038168,14.389720,20.590441,-4.551492,1.623862
L,1.205085,14.133126,20.719545,-4.597155,1.989846,14.161100,20.668631,-4.595370,1.504208
R,2.068751,13.887914,20.788294,-4.745268,1.736027,13.930370,20.740810,-4.636061,1.383865
L,2.016735,13.606879,20.860334,-4.843662,1.719648,13.697690,20.806971,-4.673567,1.262937
R,5.079551,13.354441,20.887570,-5.011251,1.324475,13.463220,20.867060,-4.707889,1.141531
L,0.527422,13.118419,20.925099,-4.963014,1.261369,13.227110,20.921080,-4.739038,1.019748
R,2.138170,12.876094,20.980992,-5.010309,1.134686,12.989530,20.969009,-4.767024,0.897694
L,1.861488,12.707276,21.016394,-4.801939,1.066553,12.750630,21.010820,-4.791865,0.775469
R,3.822362,12.437355,21.057337,-4.967169,0.880675,12.510560,21.046530,-4.813579,0.653175
L,0.012589,12.194005,21.101488,-4.954984,0.879411,12.269490,21.076120,-4.832191,0.530912
R,2.633685,11.947073,21.117221,-5.046760,0.625967,12.027570,21.099609,-4.847729,0.408778
L,2.837243,11.718787,21.088607,-4.961577,0.498837,11.784960,21.117001,-4.860224,0.286869
R,2.608337,11.459610,21.072121,-5.054572,0.259209,11.541790,21.128300,-4.869711,0.165281
L,0.690885,11.263139,21.066215,-4.907566,0.205639,11.298230,21.133530,-4.876229,0.044106
R,5.990388,10.991523,21.026355,-5.035976,-0.054105,11.054410,21.132721,-4.879818,-0.076565
L,0.855378,10.802218,20.988896,-4.866369,-0.140381,10.810490,21.125891,-4.880526,-0.196643
R,3.671178,10.528257,20.989129,-4.946861,-0.117187,10.566610,21.113079,-4.878398,-0.316040
L,1.865194,10.226961,21.038488,-5.104007,0.006469,10.322910,21.094320,-4.873488,-0.434674
R,2.277045,9.966562,21.019840,-5.193666,-0.215260,10.079520,21.069660,-4.865850,-0.552463
L,2.347408,9.813589,20.976826,-4.913084,-0.305630,9.836580,21.039129,-4.855539,-0.669327
R,0.155114,9.563482,20.964307,-4.930941,-0.311255,9.594224,21.002781,-4.842616,-0.785189
L,1.461112,9.403868,20.914709,-4.698645,-0.399116,9.352578,20.960670,-4.827144,-0.899977
R,3.247113,9.173631,20.868159,-4.767166,-0.668049,9.111770,20.912849,-4.809186,-1.013619
L,1.546584,8.851688,20.852065,-4.985051,-0.614188,8.871920,20.859381,-4.788810,-1.126048
R,6.598124,8.626842,20.769576,-4.974907,-0.904722,8.633149,20.800329,-4.766084,-1.237197
L,3.022551,8.340680,20.690531,-5.057489,-0.961292,8.395572,20.735750,-4.741079,-1.347006
R,1.357288,8.087802,20.612139,-5.108478,-1.186240,8.159301,20.665720,-4.713869,-1.455416
L,0.422405,7.860324,20.529029,-5.028554,-1.237766,7.924445,20.590309,-4.684526,-1.562369
R,4.966030,7.623275,20.444654,-5.062747,-1.509002,7.691106,20.509590,-4.653129,-1.667815
L,0.993922,7.297579,20.387722,-5.255332,-1.459021,7.459388,20.423651,-4.619752,-1.771702
R,0.570407,7.033776,20.294524,-5.277321,-1.577741,7.229386,20.332550,-4.584476,-1.873985
L,0.080965,6.789126,20.206926,-5.224853,-1.597763,7.001193,20.236380,-4.547379,-1.974620
R,0.814369,6.537330,20.116786,-5.222870,-1.704829,6.774898,20.135220,-4.508543,-2.073567
L,0.352136,6.320122,20.020761,-5.105576,-1.732538,6.550586,20.029160,-4.468049,-2.170789
R,3.698668,6.082236,19.927453,-5.097665,-1.888370,6.328338,19.918289,-4.425978,-2.266252
L,0.031272,5.840385,19.830479,-5.062985,-1.895192,6.108230,19.802691,-4.382413,-2.359926
R,3.414677,5.573309,19.687889,-5.149564,-2.225963,5.890335,19.682449,-4.337438,-2.451782
L,3.857215,5.459435,19.554459,-4.768217,-2.287640,5.674721,19.557671,-4.291136,-2.541796
R,3.024601,5.241242,19.404440,-4.736429,-2.485887,5.461452,19.428440,-4.243590,-2.629947
L,1.815252,5.059351,19.298878,-4.598199,-2.458525,5.250589,19.294849,-4.194883,-2.716216
R,4.258168,4.864161,19.184208,-4.510192,-2.456297,5.042187,19.157000,-4.145100,-2.800587
L,1.885295,4.740234,19.034598,-4.236383,-2.518968,4.836298,19.014971,-4.094322,-2.883047
R,2.661580,4.507497,18.882189,-4.332130,-2.774648,4.632969,18.868879,-4.042634,-2.963587
L,1.231595,4.355105,18.750307,-4.165365,-2.769902,4.432244,18.718800,-3.990117,-3.042199
R,0.950383,4.165622,18.605398,-4.115634,-2.794545,4.234162,18.564850,-3.936854,-3.118879
L,2.525267,4.076418,18.454390,-3.805755,-2.828584,4.038758,18.407110,-3.882925,-3.193624
R,8.825653,3.866686,18.278713,-3.925154,-3.267738,3.846064,18.245689,-3.828411,-3.266436
L,1.270619,3.586272,18.133229,-4.151637,-3.225520,3.656107,18.080669,-3.773392,-3.337317
R,3.057613,3.413324,17.982834,-4.048836,-3.137609,3.468909,17.912161,-3.717946,-3.406272
L,0.439411,3.180637,17.816462,-4.126735,-3.152419,3.284491,17.740250,-3.662152,-3.473310
R,3.121476,2.962865,17.632508,-4.189125,-3.442229,3.102868,17.565041,-3.606085,-3.538439
L,5.875340,2.815492,17.512773,-4.035248,-3.350592,2.924051,17.386620,-3.549823,-3.601673
R,4.393159,2.641107,17.296627,-3.986612,-3.700308,2.748048,17.205080,-3.493438,-3.663024
L,0.359650,2.486337,17.103825,-3.866330,-3.716672,2.574864,17.020531,-3.437004,-3.722509
R,1.058807,2.303405,16.938265,-3.824487,-3.535498,2.404499,16.833040,-3.380593,-3.780145
L,0.759639,2.165434,16.769520,-3.683750,-3.522918,2.236950,16.642731,-3.324275,-3.835952
R,4.095618,1.962426,16.570157,-3.730437,-3.562040,2.072212,16.449659,-3.268118,-3.889950
L,3.340452,1.826854,16.342621,-3.585497,-3.653122,1.910273,16.253950,-3.212192,-3.942161
R,0.177719,1.652117,16.164110,-3.574202,-3.649794,1.751122,16.055660,-3.156560,-3.992610
L,0.413940,1.461322,15.998977,-3.609396,-3.618195,1.594741,15.854900,-3.101288,-4.041322
R,4.190532,1.301432,15.764056,-3.564325,-4.005699,1.441111,15.651740,-3.046439,-4.088322
L,0.772047,1.148825,15.540962,-3.492225,-4.046708,1.290209,15.446280,-2.992073,-4.133638
R,0.459533,0.967038,15.345657,-3.513181,-4.042956,1.142010,15.238590,-2.938250,-4.177299
L,0.825781,0.766079,15.122245,-3.578598,-4.082071,0.996486,15.028760,-2.885028,-4.219333
R,2.040121,0.609213,14.940371,-3.519314,-3.978113,0.853604,14.816860,-2.832463,-4.259770
L,2.562209,0.551238,14.734024,-3.200034,-3.985149,0.713330,14.602990,-2.780610,-4.298641
R,3.420259,0.414873,14.487889,-3.133563,-4.305261,0.575628,14.387200,-2.729522,-4.335977
L,0.182186,0.256425,14.261394,-3.137241,-4.325640,0.440459,14.169590,-2.679249,-4.371810
R,2.773651,0.098145,14.003310,-3.135355,-4.664130,0.307779,13.950220,-2.629841,-4.406172
L,7.608582,0.140408,13.758171,-2.595248,-4.669671,0.177545,13.729160,-2.581347,-4.439094
R,0.769727,0.015752,13.511542,-2.578852,-4.818174,0.049710,13.506500,-2.533811,-4.470610
L,0.172070,-0.142673,13.272590,-2.659029,-4.816931,-0.075775,13.282290,-2.487279,-4.500752
R,0.618919,-0.278724,13.053299,-2.672986,-4.663343,-0.198962,13.056610,-2.441793,-4.529552
L,6.194955,-0.236626,12.842212,-2.196585,-4.606101,-0.319903,12.829520,-2.397395,-4.557043
R,1.743430,-0.374087,12.612900,-2.276113,-4.520028,-0.438654,12.601080,-2.354123,-4.583257
L,0.024606,-0.483844,12.383219,-2.264865,-4.526268,-0.555273,12.371360,-2.312016,-4.608226
R,2.438834,-0.623884,12.169929,-2.338454,-4.522214,-0.669818,12.140430,-2.271110,-4.631982
L,1.008028,-0.679860,11.961549,-2.172760,-4.482761,-0.782350,11.908330,-2.231440,-4.654556
R,1.863697,-0.826529,11.725122,-2.273694,-4.561689,-0.892931,11.675130,-2.193038,-4.675979
L,1.819347,-1.028645,11.476744,-2.515127,-4.611065,-1.001627,11.440890,-2.155937,-4.696281
R,1.872129,-1.136915,11.248095,-2.478005,-4.510863,-1.108503,11.205650,-2.120166,-4.715491
L,0.509338,-1.309088,11.022590,-2.609978,-4.520115,-1.213625,10.969480,-2.085754,-4.733638
R,2.544177,-1.412247,10.768572,-2.498781,-4.804731,-1.317063,10.732430,-2.052728,-4.750751
L,0.494494,-1.525825,10.511591,-2.468492,-4.832604,-1.418886,10.494540,-2.021113,-4.766857
R,1.378442,-1.637690,10.239948,-2.413398,-5.023029,-1.519166,10.255870,-1.990935,-4.781982
L,2.727600,-1.699152,10.035617,-2.248307,-4.921044,-1.617975,10.016470,-1.962215,-4.796150
R,0.806369,-1.788882,9.804754,-2.190689,-4.855127,-1.715386,9.776375,-1.934975,-4.809388
L,1.532869,-1.833952,9.594595,-2.011431,-4.775952,-1.811474,9.535641,-1.909235,-4.821717
R,2.071624,-1.963147,9.331922,-2.060739,-4.971450,-1.906314,9.294310,-1.885015,-4.833160
L,4.242277,-2.035963,9.035303,-1.982298,-5.050790,-1.999983,9.052426,-1.862331,-4.843738
R,1.908521,-2.114771,8.814595,-1.944765,-4.899952,-2.092558,8.810032,-1.841199,-4.853471
L,0.070589,-2.201453,8.566370,-1.916187,-4.902215,-2.184116,8.567169,-1.821636,-4.862378
R,1.959339,-2.344041,8.301065,-2.037002,-4.996427,-2.274737,8.323878,-1.803653,-4.870475
L,1.801202,-2.364928,8.081681,-1.810734,-4.907065,-2.364500,8.080199,-1.787265,-4.877779
R,5.715572,-2.412003,7.875574,-1.678235,-4.831191,-2.453484,7.836172,-1.772481,-4.884304
L,0.324886,-2.530311,7.622535,-1.774337,-4.868129,-2.541771,7.591835,-1.759313,-4.890064
R,3.680949,-2.695907,7.379816,-2.033568,-4.777714,-2.629442,7.347226,-1.747769,-4.895069
L,0.213779,-2.802645,7.126587,-2.050181,-4.807887,-2.716576,7.102382,-1.737856,-4.899332
R,2.461575,-2.858772,6.893629,-1.857298,-4.910115,-2.803258,6.857341,-1.729583,-4.902861
L,2.791284,-2.875449,6.703829,-1.638623,-4.757122,-2.889567,6.612138,-1.722953,-4.905662
R,3.053172,-2.914231,6.494096,-1.566881,-4.568021,-2.975588,6.366810,-1.717972,-4.907743
L,0.323204,-2.968770,6.264807,-1.502894,-4.555651,-3.061402,6.121393,-1.714642,-4.909108
R,3.859703,-3.100216,6.005000,-1.617706,-4.742120,-3.147091,5.875923,-1.712966,-4.909760
L,1.997341,-3.196586,5.720468,-1.672603,-4.848875,-3.232740,5.630435,-1.712946,-4.909701
R,1.636824,-3.303700,5.469698,-1.803742,-4.779570,-3.318429,5.384965,-1.714580,-4.908930
L,0.570918,-3.412245,5.202068,-1.860972,-4.853467,-3.404243,5.139548,-1.717867,-4.907446
R,0.567598,-3.478195,4.955704,-1.723437,-4.931219,-3.490264,4.894220,-1.722807,-4.905246
L,1.637629,-3.609294,4.659748,-1.855224,-5.076525,-3.576574,4.649018,-1.729394,-4.902326
R,1.706249,-3.712944,4.404443,-1.971921,-4.991145,-3.663255,4.403976,-1.737625,-4.898679
L,1.530819,-3.862192,4.117997,-2.110529,-5.120998,-3.750390,4.159132,-1.747494,-4.894300
R,1.629852,-3.936167,3.882302,-1.927579,-5.132819,-3.838060,3.914523,-1.758994,-4.889177
L,1.249363,-3.993017,3.664456,-1.820728,-5.000334,-3.926347,3.670186,-1.772118,-4.883302
R,4.083639,-4.075208,3.479319,-1.860040,-4.763860,-4.015331,3.426159,-1.786856,-4.876663
L,0.027590,-4.166043,3.236845,-1.856355,-4.772983,-4.105094,3.182480,-1.803198,-4.869246
R,0.560669,-4.283589,2.975981,-1.981091,-4.814608,-4.195715,2.939189,-1.821133,-4.861036
L,1.308257,-4.380656,2.691873,-1.988804,-4.930277,-4.287274,2.696326,-1.840648,-4.852019
R,0.236437,-4.465830,2.444458,-1.905640,-4.946145,-4.379848,2.453932,-1.861730,-4.842177
L,0.444860,-4.573965,2.168444,-1.938583,-5.039289,-4.473517,2.212048,-1.884364,-4.831491
R,3.862500,-4.674432,1.946797,-2.127961,-4.885408,-4.568357,1.970717,-1.908533,-4.819942
L,1.179582,-4.799848,1.656689,-2.170582,-5.037191,-4.664445,1.729983,-1.934219,-4.807509
R,0.217141,-4.921286,1.406015,-2.258047,-5.027802,-4.761856,1.489891,-1.961404,-4.794169
L,5.502213,-4.972809,1.195078,-2.140128,-4.859538,-4.860665,1.250487,-1.990068,-4.779901
R,1.022212,-5.063799,0.996561,-2.070226,-4.718381,-4.960945,1.011817,-2.020190,-4.764679
L,3.769011,-5.116975,0.779917,-1.977725,-4.627630,-5.062768,0.773930,-2.051745,-4.748478
R,5.778333,-5.219866,0.453192,-2.067232,-4.920697,-5.166206,0.536876,-2.084711,-4.731272
L,1.579313,-5.291374,0.220292,-2.010855,-4.863642,-5.271329,0.300706,-2.119061,-4.713034
R,6.375389,-5.400033,-0.070736,-1.895488,-5.012934,-5.378204,0.065472,-2.154769,-4.693737
L,1.820848,-5.464661,-0.294090,-1.848995,-4.916776,-5.486900,-0.168772,-2.191805,-4.673350
R,4.720095,-5.582143,-0.456138,-2.011860,-4.672572,-5.597482,-0.401971,-2.230141,-4.651846
L,2.919423,-5.716153,-0.618803,-2.104264,-4.459732,-5.710014,-0.634069,-2.269743,-4.629193
R,5.305812,-5.832429,-0.845845,-2.353791,-4.512174,-5.824559,-0.865006,-2.310579,-4.605362
L,1.395494,-5.932308,-1.129026,-2.294568,-4.686583,-5.941177,-1.094723,-2.352615,-4.580321
R,2.553125,-6.020541,-1.410528,-2.216828,-4.827309,-6.059928,-1.323159,-2.395814,-4.554039
L,1.312698,-6.161003,-1.605982,-2.295890,-4.690194,-6.180869,-1.550250,-2.440139,-4.526483
R,3.013958,-6.302604,-1.855630,-2.585185,-4.812005,-6.304056,-1.775933,-2.485549,-4.497621
L,0.345306,-6.413762,-2.112106,-2.541893,-4.859687,-6.429541,-2.000141,-2.532004,-4.467422
R,3.475712,-6.566203,-2.303129,-2.553713,-4.680126,-6.557376,-2.222807,-2.579462,-4.435853
L,0.575795,-6.716911,-2.505310,-2.617014,-4.586065,-6.687610,-2.443860,-2.627877,-4.402881
R,1.174314,-6.873253,-2.718314,-2.715371,-4.551359,-6.820290,-2.663229,-2.677204,-4.368474
L,2.151167,-6.960282,-3.004020,-2.586029,-4.723384,-6.955460,-2.880843,-2.727396,-4.332600
R,0.155834,-7.087147,-3.230291,-2.537420,-4.672624,-7.093162,-3.096627,-2.778402,-4.295227
L,1.667348,-7.209354,-3.411287,-2.558979,-4.529870,-7.233435,-3.310505,-2.830171,-4.256323
R,4.287427,-7.351777,-3.676480,-2.593068,-4.645641,-7.376317,-3.522399,-2.882652,-4.215858
L,5.443862,-7.513624,-3.784368,-2.730210,-4.303279,-7.521842,-3.732231,-2.935789,-4.173800
R,0.679758,-7.657342,-3.999282,-2.826601,-4.344548,-7.670040,-3.939920,-2.989527,-4.130121
L,0.488725,-7.809137,-4.234389,-2.837737,-4.388766,-7.820942,-4.145385,-3.043807,-4.084790
R,0.357528,-7.956414,-4.462772,-2.851670,-4.415287,-7.974572,-4.348541,-3.098570,-4.037780
L,1.071187,-8.116023,-4.707465,-2.873188,-4.472199,-8.130953,-4.549304,-3.153756,-3.989064
R,1.581212,-8.251707,-4.911198,-2.721747,-4.333263,-8.290105,-4.747588,-3.209302,-3.938615
L,0.119166,-8.378454,-5.125799,-2.703574,-4.331132,-8.452043,-4.943306,-3.265143,-3.886408
R,3.229914,-8.524748,-5.286564,-2.702669,-4.148307,-8.616782,-5.136369,-3.321214,-3.832420
L,2.318112,-8.713790,-5.478079,-2.823744,-4.089078,-8.784330,-5.326687,-3.377447,-3.776628
R,0.405437,-8.870363,-5.682670,-2.889641,-4.105685,-8.954695,-5.514169,-3.433775,-3.719011
L,0.225531,-9.027039,-5.860626,-2.929610,-4.032728,-9.127879,-5.698724,-3.490125,-3.659551
R,5.192403,-9.163812,-6.013217,-2.883445,-3.877759,-9.303882,-5.880259,-3.546428,-3.598229
L,4.571879,-9.344672,-6.091978,-3.020043,-3.577639,-9.482699,-6.058680,-3.602610,-3.535029
R,1.450046,-9.520652,-6.282188,-3.137289,-3.643401,-9.664322,-6.233892,-3.658598,-3.469939
L,0.331341,-9.656367,-6.498166,-3.076213,-3.735372,-9.848741,-6.405802,-3.714314,-3.402945
R,7.815936,-9.881085,-6.665541,-3.368778,-3.750675,-10.035940,-6.574313,-3.769685,-3.334038
L,1.029780,-10.091778,-6.829948,-3.468765,-3.677438,-10.225900,-6.739329,-3.824630,-3.263211
R,0.909992,-10.272950,-6.999297,-3.532561,-3.665804,-10.418590,-6.900754,-3.879073,-3.190457
L,3.995375,-10.511007,-7.184297,-3.660378,-3.646114,-10.613990,-7.058492,-3.932934,-3.115774
R,2.083594,-10.711768,-7.332632,-3.717846,-3.556956,-10.812080,-7.212446,-3.986131,-3.039160
L,3.865941,-10.967245,-7.495475,-3.870659,-3.492893,-11.012800,-7.362519,-4.038585,-2.960619
R,1.466878,-11.143509,-7.646638,-3.766376,-3.387470,-11.216130,-7.508615,-4.090214,-2.880154
L,2.827416,-11.290371,-7.798048,-3.688048,-3.359972,-11.422020,-7.650638,-4.140935,-2.797773
R,1.961023,-11.474922,-7.937355,-3.690226,-3.281009,-11.630420,-7.788492,-4.190665,-2.713485
L,3.347714,-11.657529,-8.028740,-3.719359,-3.104943,-11.841280,-7.922082,-4.239323,-2.627303
R,1.130152,-11.835524,-8.157140,-3.612110,-2.971234,-12.054550,-8.051314,-4.286824,-2.539242
L,1.484215,-12.056326,-8.230423,-3.729720,-2.772180,-12.270170,-8.176094,-4.333085,-2.449321
R,3.081142,-12.284041,-8.370073,-4.018245,-2.895056,-12.488060,-8.296329,-4.378023,-2.357561
L,2.263521,-12.497321,-8.441679,-4.075918,-2.712176,-12.708170,-8.411929,-4.421555,-2.263987
R,1.803306,-12.685059,-8.545967,-3.922228,-2.551945,-12.930420,-8.522802,-4.463597,-2.168626
L,5.640907,-12.979861,-8.621577,-4.149061,-2.385625,-13.154730,-8.628861,-4.504069,-2.071509
R,2.905927,-13.226361,-8.733951,-4.305852,-2.399654,-13.381020,-8.730018,-4.542886,-1.972669
L,2.609203,-13.457613,-8.771669,-4.372958,-2.192419,-13.609220,-8.826188,-4.579969,-1.872143
R,4.047866,-13.648574,-8.838011,-4.152789,-1.980979,-13.839220,-8.917288,-4.615237,-1.769971
L,0.833324,-13.882558,-8.940190,-4.205611,-1.978089,-14.070940,-9.003236,-4.648610,-1.666195
R,2.442447,-14.134467,-9.043053,-4.456810,-2.075959,-14.304280,-9.083954,-4.680010,-1.560863
L,0.243905,-14.369055,-9.152661,-4.478562,-2.085483,-14.539130,-9.159364,-4.709360,-1.454024
R,0.584654,-14.577173,-9.251023,-4.345987,-2.013418,-14.775400,-9.229392,-4.736584,-1.345729
L,4.528219,-14.887617,-9.223402,-4.586838,-1.662129,-15.012980,-9.293968,-4.761607,-1.236035
R,4.370198,-15.133228,-9.319587,-4.574694,-1.663583,-15.251750,-9.353023,-4.784356,-1.125000
L,4.503947,-15.413931,-9.425067,-4.671914,-1.697669,-15.491600,-9.406491,-4.804762,-1.012687
R,2.655953,-15.629887,-9.489262,-4.446545,-1.535508,-15.732410,-9.454310,-4.822755,-0.899159
L,1.988522,-15.901320,-9.552456,-4.551271,-1.482659,-15.974060,-9.496420,-4.838268,-0.784484
R,2.993173,-16.132097,-9.592374,-4.473965,-1.339127,-16.216410,-9.532767,-4.851237,-0.668734
L,2.451025,-16.400493,-9.555900,-4.602514,-1.067038,-16.459351,-9.563299,-4.861599,-0.551980
R,5.032943,-16.591694,-9.591499,-4.451285,-0.993928,-16.702740,-9.587966,-4.869295,-0.434301
L,3.834940,-16.901584,-9.539707,-4.663144,-0.709194,-16.946440,-9.606726,-4.874268,-0.315773
R,6.483537,-17.141362,-9.622068,-4.707331,-0.850448,-17.190331,-9.619537,-4.876462,-0.196479
L,1.083719,-17.422313,-9.617160,-4.814737,-0.715239,-17.434250,-9.626363,-4.875828,-0.076502
R,2.486854,-17.660378,-9.637600,-4.676915,-0.604149,-17.678061,-9.627173,-4.872316,0.044070
L,1.793912,-17.935359,-9.576005,-4.789739,-0.360227,-17.921619,-9.621939,-4.865881,0.165151
R,1.426012,-18.157017,-9.572973,-4.622084,-0.242554,-18.164789,-9.610638,-4.856481,0.286648
L,0.431784,-18.361910,-9.604646,-4.563802,-0.301166,-18.407410,-9.593251,-4.844078,0.408470
R,1.265212,-18.582389,-9.619353,-4.592205,-0.325275,-18.649330,-9.569766,-4.828636,0.530522
L,0.983405,-18.853572,-9.579931,-4.692237,-0.170684,-18.890390,-9.540172,-4.810124,0.652707
R,4.039286,-19.067265,-9.567854,-4.645949,-0.120725,-19.130461,-9.504465,-4.788514,0.774927
L,6.511910,-19.344415,-9.406833,-4.786649,0.313996,-19.369360,-9.462647,-4.763781,0.897083
R,2.540824,-19.556946,-9.364836,-4.557648,0.456537,-19.606939,-9.414724,-4.735906,1.019074
L,4.092844,-19.838036,-9.199697,-4.704114,0.833732,-19.843050,-9.360706,-4.704871,1.140799
R,6.133063,-20.065245,-9.113675,-4.616816,0.981774,-20.077520,-9.300609,-4.670665,1.262153
L,8.143063,-20.220785,-9.267540,-4.413744,0.441961,-20.310209,-9.234455,-4.633280,1.383034
R,0.990415,-20.442932,-9.258736,-4.393200,0.416907,-20.540930,-9.162270,-4.592709,1.503337
L,2.964134,-20.690549,-9.121708,-4.480243,0.720452,-20.769550,-9.084085,-4.548955,1.622957
R,3.442840,-20.919085,-9.068886,-4.374993,0.815216,-20.995899,-8.999938,-4.502020,1.741788
L,1.549563,-21.129753,-8.973919,-4.374216,0.949851,-21.219820,-8.909871,-4.451913,1.859725
R,2.670530,-21.348434,-8.917000,-4.250155,1.025332,-21.441151,-8.813932,-4.398646,1.976663
L,0.118940,-21.549039,-8.872904,-4.225366,1.003115,-21.659740,-8.712172,-4.342235,2.092496
R,7.932151,-21.719420,-8.775665,-3.889724,1.216645,-21.875420,-8.604651,-4.282703,2.207120
L,0.665946,-21.938478,-8.656407,-3.951844,1.373549,-22.088051,-8.491431,-4.220073,2.320430
R,2.196765,-22.139811,-8.567504,-4.010796,1.409833,-22.297461,-8.372581,-4.154374,2.432324
L,2.459319,-22.398586,-8.424072,-4.139836,1.614850,-22.503510,-8.248174,-4.085642,2.542698
R,1.467162,-22.572857,-8.342060,-3.928370,1.660477,-22.706051,-8.118289,-4.013912,2.651451
L,10.401573,-22.855760,-8.023179,-4.147002,2.292176,-22.904921,-7.983010,-3.939227,2.758484
R,5.348529,-23.028762,-7.911859,-3.780625,2.370744,-23.099979,-7.842426,-3.861632,2.863697
L,3.490304,-23.282966,-7.688518,-3.925125,2.660152,-23.291090,-7.696629,-3.781177,2.966995
R,0.767677,-23.478114,-7.543522,-3.941364,2.686513,-23.478100,-7.545719,-3.697916,3.068281
L,0.761002,-23.653922,-7.400141,-3.903282,2.704038,-23.660879,-7.389798,-3.611907,3.167464
R,1.468380,-23.836181,-7.247971,-3.767280,2.778163,-23.839291,-7.228974,-3.523209,3.264451
L,0.832756,-23.998904,-7.173132,-3.708109,2.604902,-24.013189,-7.063359,-3.431889,3.359156
R,3.997541,-24.154698,-7.014742,-3.450511,2.728153,-24.182461,-6.893070,-3.338014,3.451493
L,5.720120,-24.342585,-6.712205,-3.507539,3.163994,-24.346970,-6.718227,-3.241657,3.541377
R,5.084206,-24.496247,-6.565281,-3.218859,3.189828,-24.506599,-6.538955,-3.142893,3.628730
L,4.618482,-24.592403,-6.439253,-3.093728,3.086331,-24.661230,-6.355382,-3.041800,3.713473
R,1.125448,-24.720758,-6.276014,-2.918521,3.133804,-24.810749,-6.167641,-2.938459,3.795532
L,3.674062,-24.926578,-6.025850,-3.042611,3.392428,-24.955050,-5.975869,-2.832955,3.874837
R,2.991751,-25.046717,-5.836361,-2.849933,3.467092,-25.094009,-5.780204,-2.725375,3.951321
L,0.010505,-25.191054,-5.655211,-2.854310,3.487924,-25.227551,-5.580789,-2.615809,4.024918
R,0.507982,-25.334139,-5.480496,-2.802043,3.499481,-25.355560,-5.377771,-2.504349,4.095570
L,1.375635,-25.500579,-5.221039,-2.859953,3.726820,-25.477949,-5.171298,-2.391090,4.163218
R,5.126212,-25.617711,-5.062476,-2.753571,3.657159,-25.594629,-4.961521,-2.276127,4.227811
L,0.140229,-25.744301,-4.890287,-2.732254,3.626848,-25.705521,-4.748596,-2.159561,4.289300
R,1.153556,-25.854302,-4.701815,-2.531806,3.665973,-25.810539,-4.532677,-2.041490,4.347639
L,1.761024,-25.986102,-4.419850,-2.549777,3.926690,-25.909630,-4.313924,-1.922018,4.402788
R,14.223547,-26.086669,-4.230618,-2.085701,3.962895,-26.002701,-4.092498,-1.801248,4.454710
L,3.646447,-26.191926,-3.893741,-2.096973,4.328889,-26.089710,-3.868560,-1.679284,4.503373
R,5.682288,-26.258149,-3.683373,-1.682921,4.348100,-26.170601,-3.642274,-1.556233,4.548748
L,5.902805,-26.292171,-3.389496,-1.595468,4.542040,-26.245300,-3.413805,-1.432200,4.590811
R,2.188583,-26.333796,-3.161216,-1.292594,4.563337,-26.313780,-3.183319,-1.307294,4.629543
L,1.976475,-26.363070,-2.917313,-1.228965,4.599837,-26.375999,-2.950983,-1.181621,4.664928
R,1.618804,-26.411389,-2.702737,-1.086303,4.566552,-26.431910,-2.716966,-1.055291,4.696955
L,3.577526,-26.493897,-2.575830,-1.136114,4.301606,-26.481501,-2.481434,-0.928411,4.725618
R,1.058006,-26.539683,-2.350075,-1.017212,4.336254,-26.524731,-2.244556,-0.801090,4.750913
L,0.277623,-26.602583,-2.147952,-1.038904,4.298818,-26.561590,-2.006501,-0.673434,4.772843
R,2.354065,-26.623248,-1.922137,-0.872336,4.330770,-26.592060,-1.767436,-0.545553,4.791414
L,2.329940,-26.637006,-1.638585,-0.818013,4.505058,-26.616131,-1.527530,-0.417552,4.806636
R,4.887429,-26.625465,-1.432535,-0.406634,4.459735,-26.633810,-1.286948,-0.289538,4.818524
L,0.200100,-26.639036,-1.183096,-0.393806,4.529247,-26.645090,-1.045858,-0.161616,4.827096
R,5.412848,-26.659913,-0.973074,-0.234847,4.488362,-26.649969,-0.804425,-0.033888,4.832376
L,0.769588,-26.682844,-0.686464,-0.252584,4.654338,-26.648479,-0.562811,0.093541,4.834389
R,5.061050,-26.663457,-0.451887,0.113835,4.657529,-26.640631,-0.321181,0.220572,4.833166
L,3.603197,-26.625559,-0.106636,0.178329,4.953674,-26.626450,-0.079695,0.347104,4.828743
R,3.354570,-26.598177,0.134621,0.440428,4.930247,-26.605949,0.161489,0.473041,4.821156
L,1.080799,-26.582537,0.459503,0.435209,5.138556,-26.579170,0.402213,0.598287,4.810449
R,1.245093,-26.558764,0.707593,0.530652,5.110487,-26.546160,0.642323,0.722748,4.796667
L,1.715989,-26.563164,1.000715,0.478686,5.211109,-26.506941,0.881666,0.846334,4.779858
R,5.532091,-26.509859,1.284127,0.583948,5.269121,-26.461580,1.120091,0.968955,4.760074
L,0.681852,-26.469162,1.498277,0.598699,5.138254,-26.410110,1.357453,1.090525,4.737372
R,9.334003,-26.419941,1.706898,0.786742,4.994732,-26.352591,1.593607,1.210961,4.711810
L,0.733350,-26.380297,1.891379,0.778319,4.821838,-26.289080,1.828410,1.330181,4.683449
R,2.723664,-26.304060,2.117866,1.102879,4.757828,-26.219650,2.061726,1.448108,4.652353
L,0.777607,-26.253107,2.287178,1.085300,4.576173,-26.144360,2.293419,1.564667,4.618589
R,0.539504,-26.181420,2.508472,1.194668,4.547581,-26.063280,2.523357,1.679785,4.582228
L,0.248251,-26.110320,2.765886,1.219891,4.627295,-25.976480,2.751414,1.793393,4.543340
R,5.990620,-26.010236,2.983705,1.647543,4.545429,-25.884050,2.977463,1.905426,4.502000
L,1.437105,-25.905978,3.297332,1.701875,4.774407,-25.786051,3.201385,2.015821,4.458284
R,2.708385,-25.814744,3.533514,1.871263,4.743574,-25.682590,3.423063,2.124519,4.412270
L,0.625855,-25.716904,3.718690,1.869153,4.606642,-25.573730,3.642385,2.231463,4.364038
R,2.549352,-25.593361,3.924208,2.100648,4.511504,-25.459579,3.859241,2.336602,4.313670
L,2.984739,-25.538039,4.079961,1.995568,4.324276,-25.340219,4.073527,2.439886,4.261248
R,1.842490,-25.408532,4.277121,2.216441,4.244503,-25.215740,4.285143,2.541269,4.206857
L,2.818027,-25.249324,4.516584,2.310787,4.319957,-25.086250,4.493991,2.640710,4.150582
R,9.184284,-25.088311,4.717920,2.438849,4.275534,-24.951830,4.699982,2.738170,4.092510
L,0.225442,-24.980506,4.910032,2.407953,4.217353,-24.812599,4.903026,2.833613,4.032728
R,3.838093,-24.814638,5.106432,2.654693,4.147084,-24.668650,5.103041,2.927008,3.971324
L,1.172356,-24.649278,5.338162,2.720661,4.214413,-24.520081,5.299948,3.018326,3.908388
R,3.571286,-24.468681,5.525258,3.083003,4.087939,-24.367001,5.493672,3.107543,3.844007
L,1.941266,-24.286403,5.694573,3.125921,3.999729,-24.209520,5.684145,3.194637,3.778271
R,4.799911,-24.114054,5.859228,3.359458,3.852831,-24.047741,5.871299,3.279590,3.711270
L,0.370351,-23.946999,6.011834,3.346853,3.748380,-23.881760,6.055076,3.362388,3.643093
R,1.145738,-23.789182,6.211582,3.204107,3.815012,-23.711710,6.235417,3.443019,3.573830
L,0.339556,-23.639123,6.358359,3.172795,3.699171,-23.537680,6.412271,3.521475,3.503569
R,1.157445,-23.478944,6.538576,3.268468,3.659180,-23.359779,6.585591,3.597751,3.432399
L,3.693258,-23.251199,6.795234,3.410301,3.860512,-23.178129,6.755333,3.671846,3.360409
R,7.057866,-23.043608,6.946890,3.602213,3.715263,-22.992821,6.921459,3.743759,3.287685
L,1.185367,-22.838240,7.117597,3.644978,3.680755,-22.803980,7.083934,3.813497,3.214315
R,3.930587,-22.612351,7.270662,3.940327,3.532544,-22.611710,7.242727,3.881065,3.140384
L,0.716216,-22.442241,7.390749,3.870959,3.381985,-22.416109,7.397815,3.946474,3.065978
R,4.833903,-22.197734,7.542249,4.287633,3.230466,-22.217300,7.549173,4.009736,2.991180
L,1.600579,-22.023840,7.684301,4.204246,3.172507,-22.015381,7.696786,4.070867,2.916073
R,3.567128,-21.822299,7.877282,4.141652,3.281890,-21.810459,7.840639,4.129885,2.840738
L,0.301293,-21.629384,8.001215,4.100639,3.176175,-21.602640,7.980724,4.186809,2.765256
R,1.799497,-21.427642,8.145366,4.182218,3.100228,-21.392031,8.117035,4.241663,2.689706
L,7.249073,-21.231290,8.139164,4.099454,2.686501,-21.178730,8.249571,4.294471,2.614165
R,2.972836,-21.025151,8.305094,4.032899,2.801430,-20.962830,8.378334,4.345261,2.538708
L,2.093184,-20.862855,8.449411,3.958834,2.803347,-20.744450,8.503329,4.394061,2.463411
R,7.185513,-20.601793,8.584630,4.365041,2.682746,-20.523680,8.624568,4.440903,2.388345
L,1.136944,-20.351590,8.723209,4.428466,2.701568,-20.300619,8.742063,4.485819,2.313582
R,0.204282,-20.141195,8.863531,4.356355,2.736245,-20.075350,8.855831,4.528845,2.239190
L,1.049265,-19.963697,8.939971,4.254151,2.574006,-19.847990,8.965893,4.570015,2.165237
R,0.273800,-19.756021,9.060979,4.244305,2.551484,-19.618610,9.072271,4.609368,2.091789
L,1.634581,-19.552555,9.115089,4.197645,2.364776,-19.387300,9.174993,4.646942,2.018910
R,5.659604,-19.293663,9.242569,4.481142,2.311750,-19.154160,9.274090,4.682779,1.946661
L,6.723308,-19.003919,9.336840,4.601697,2.276028,-18.919279,9.369592,4.716918,1.875103
R,2.266810,-18.778169,9.428621,4.688456,2.164251,-18.682720,9.461538,4.749403,1.804293
L,0.706858,-18.525063,9.524730,4.720405,2.139344,-18.444580,9.549965,4.780277,1.734289
R,7.377729,-18.245188,9.574612,5.042073,1.867679,-18.204941,9.634916,4.809585,1.665143
L,1.662085,-17.940089,9.709444,5.165906,1.985520,-17.963869,9.716433,4.837370,1.596910
R,1.865162,-17.676146,9.822327,5.092498,2.073780,-17.721439,9.794565,4.863679,1.529639
L,0.301753,-17.408985,9.918752,5.114522,2.059655,-17.477730,9.869361,4.888556,1.463380
R,0.682008,-17.141966,10.017208,5.231752,1.993506,-17.232821,9.940872,4.912050,1.398179
L,0.027037,-16.879050,10.125521,5.238432,2.014994,-16.986759,10.009150,4.934206,1.334081
R,0.409506,-16.605692,10.212392,5.333894,1.934233,-16.739630,10.074260,4.955070,1.27